5000 5000
4598 3796
1004 2860
3349 1321
1478 1325
1358 1966
2416 4690
3185 198
1162 3989
3868 4693
4741 2508
1505 4092
2163 559
1551 1341
2053 4508
1069 4319
634 4385
4554 3061
4360 1353
1989 2507
2395 723
4841 2515
2907 2697
4146 134
768 1717
1284 1069
4061 3044
1143 3384
3692 779
3138 2171
180 3397
418 2228
3082 4467
4488 2149
4383 3571
4988 1648
3639 4345
2151 2374
1244 1346
4041 4240
4238 2900
2505 16
736 335
906 4309
227 2393
2675 1860
1720 4410
4694 4227
4638 1873
2333 4175
4124 1245
3144 2319
830 3999
515 1825
4924 3078
2641 3301
3703 1742
1092 2982
1448 1291
1904 2535
1781 1374
2433 1187
4863 600
2050 2018
4224 4069
3816 259
3915 2583
2610 2322
3852 4269
4835 1914
1194 2712
1478 2873
1266 2874
2387 3835
2711 4085
4687 181
1208 1565
4609 4967
2570 4344
1408 4662
2922 286
2669 563
1460 524
3521 2250
437 2256
3399 4224
2982 1381
4153 1111
227 4506
585 4114
4502 2653
76 3082
4449 4753
3093 465
3697 4055
4458 1856
3371 2422
300 4044
2572 4974
1150 634
3840 2463
1284 2251
3190 194
2074 3857
2904 79
274 3043
2586 1551
3093 3393
4806 4095
2010 3653
424 4415
4395 671
2052 4414
3524 4931
4224 3896
1086 946
4528 3191
4129 1289
1466 3784
2646 4371
1494 3584
1847 3786
201 4330
588 950
3598 2127
2367 3585
3657 1521
2475 1897
1263 3487
1542 393
247 1037
2178 2502
4749 834
2006 473
1368 1557
4944 2921
187 2398
3208 563
2844 310
4900 3010
3195 2390
3962 4517
3431 182
1834 289
2199 682
84 4803
945 2960
1438 3583
4940 3983
2624 3679
1718 513
2740 4223
3458 499
2022 73
4675 4430
2821 762
2668 2806
2927 1977
4912 3804
3812 1433
2093 4446
726 2272
769 4450
3582 3542
1209 1455
675 4210
2644 2744
2682 721
965 3549
2063 2894
1236 1355
1900 523
817 1243
497 2014
991 3311
2377 1265
1745 4051
4101 4477
4947 2450
21 336
734 3058
4337 172
546 1773
4735 3645
2812 109
3219 980
2524 4895
2464 3575
4165 1718
3942 2394
4784 2231
1879 4736
1714 4623
3110 3848
113 2907
1470 384
1811 4301
688 594
2881 2099
3022 2713
4879 741
1984 377
3027 2687
3416 1401
2263 414
83 4932
3536 494
1060 2091
3970 2278
2925 2617
1442 913
238 3572
1633 151
2129 4772
2250 1111
2316 4730
2586 4239
4999 2194
2964 2220
2924 1471
647 4601
1621 4050
969 935
2675 4248
262 589
4641 1129
4957 3614
736 4474
3539 4559
1511 4038
4274 3415
3278 1479
3168 1165
4446 1244
2910 2890
4761 4562
2384 408
1591 3543
1010 1500
3889 3856
4903 4462
3430 4505
2611 4625
3284 3854
3556 1007
4582 3395
2068 4238
2081 3866
13 515
1583 3527
2711 1561
3773 2146
32 4430
1507 89
4136 579
2973 3705
395 4765
2039 1670
3905 415
743 2565
4461 3807
4868 2804
1856 2560
1596 2189
1824 2404
882 4563
2709 1731
1586 3282
3857 3144
1621 268
2679 4421
782 4779
3377 2459
2642 2155
511 1516
1720 742
4188 1655
3923 2706
2354 4928
2165 4031
499 1597
4603 1873
2555 2208
2308 1608
4665 2745
4995 2740
3623 4010
1671 1960
2013 2625
462 3000
4535 3614
2365 2585
3636 3822
4260 3560
1422 1977
2695 4539
4365 1357
1152 2657
1503 1838
2499 1345
393 699
246 243
2881 2990
3245 1879
4969 3754
4669 446
1094 1543
69 2270
407 625
4641 4071
2160 3015
2881 1211
1225 467
1415 4654
1039 1617
4739 2148
1996 542
3408 154
2399 4453
1231 1005
4752 828
1079 4586
2497 4211
3997 1406
2701 2584
2525 554
3381 3122
4544 4397
1043 1829
807 4572
462 3157
3772 3492
3680 1436
3920 4398
994 2577
1657 307
4557 1639
766 386
2521 2183
4293 1134
1376 2085
448 224
4660 1521
271 1758
8 875
1012 4995
4288 1536
521 1839
457 3808
666 469
742 2635
2425 4543
127 165
4767 1199
4849 4467
4230 3683
823 4147
4531 46
1779 509
915 3792
3848 79
4880 3102
733 1392
1983 4971
2285 4865
3487 2987
2834 2034
2070 2989
2800 2860
1611 4987
2095 4423
302 4387
4808 1428
1190 4492
1053 3258
3529 3671
2687 4992
1832 3766
909 3459
4994 1181
1380 4542
300 1783
2497 2860
1855 2684
3290 4978
172 1647
3528 1542
3498 2604
4300 1173
552 2260
943 561
3568 2091
1147 4816
1596 1941
4840 1021
3040 2917
3998 4666
1965 4822
2743 4287
802 2624
4372 4415
4275 4432
4075 3112
2763 3603
4082 3854
936 959
4207 114
1320 4015
2921 437
3265 4001
1709 1398
2342 3309
2836 1344
3982 4360
3442 2253
4006 4927
3148 2753
1175 1408
504 1677
4575 422
1842 3236
2279 291
1326 1269
3104 3188
4661 4732
4417 3162
4142 368
75 4829
1680 2054
4651 2435
1747 1402
1488 2954
1051 2678
489 3161
2173 2906
1601 840
2301 4612
1736 3108
3747 1365
2697 1082
4381 3148
4415 3169
1936 151
556 1550
4164 4711
2454 3800
3493 4344
862 3040
3462 2717
3553 2533
865 1470
4527 1794
806 3037
4786 2413
1667 2076
4619 2537
4673 2146
3216 4385
321 3066
2208 4144
1939 57
1221 4614
3787 3602
3961 4685
3618 1246
2167 1207
4668 1709
1654 4028
4175 996
4762 4687
36 1221
2505 3513
1752 2225
42 464
1500 642
2983 2660
1525 4717
720 101
3035 2960
3477 412
151 2079
1093 4871
175 4557
1629 2496
2375 1267
3671 497
2053 4031
3487 2949
4466 4399
4631 3541
1506 4887
4581 242
3923 1631
185 2619
1463 3305
2749 425
3306 934
3047 2975
3447 1189
3160 235
2026 455
3467 221
3802 1378
1975 3905
741 2294
3754 4033
2742 4304
685 418
4639 1459
2885 4705
3076 3078
1631 41
3152 4480
2298 2521
2413 4266
1726 3983
2190 3946
83 4204
4142 2192
1951 18
3648 4923
509 906
2274 3348
3564 415
1877 3898
3452 1335
1888 2370
2474 3197
3515 727
1722 3366
1272 2128
2043 4819
172 437
379 4248
4500 358
84 1377
899 1629
3278 2331
3846 4
288 1765
2932 2261
791 331
2125 4653
3505 4961
2049 3333
111 1384
4949 3607
397 764
1032 3351
4835 3315
3847 510
2146 1403
4052 1877
2856 465
622 3405
4360 4230
3514 3010
3200 2352
4627 1563
44 1045
4161 2005
965 520
1508 4398
1481 4743
2787 4868
4988 14
2032 4784
2971 2262
4412 3967
2557 2584
93 154
3865 3755
2964 3351
1474 695
1581 333
4980 419
3864 10
1490 3544
4103 435
4495 1361
4601 65
4268 2812
69 4944
1721 4870
4358 4518
572 2375
4814 1134
4174 4353
3876 3580
3032 3735
919 2035
3545 2770
4437 911
1624 3131
432 3923
3028 4422
3459 3440
2386 2098
2532 4992
4562 565
4120 306
73 2504
1413 438
4474 3064
1309 2156
4849 3721
3326 903
1169 3756
3395 4595
4235 3708
3977 2310
2245 1675
817 3216
1870 1713
3611 78
1008 1508
4200 154
1088 2540
1959 1101
4415 4755
816 4471
2325 1472
1053 3825
111 3873
4964 4590
3849 568
1525 4525
2077 570
1049 622
1565 2436
3862 232
2440 245
1457 848
3112 2854
2383 3957
116 4980
4651 2836
2471 4214
4445 2134
1950 2087
429 719
4470 374
2012 2357
1565 2237
2977 4836
4864 2758
1882 3294
4990 2428
3803 3376
2270 4386
4884 910
2048 535
4787 248
4478 4595
1581 3065
489 621
3693 2652
2935 4369
2995 2378
4489 4456
2782 506
4954 2485
4431 4966
3306 1343
2595 479
11 3121
4606 4682
2623 4224
2987 3701
4980 4272
2652 973
4141 1584
3875 2077
908 2653
1884 4473
335 1196
989 3689
246 4444
1888 3821
4907 1617
3102 4922
1616 1515
2041 48
303 1426
1494 1125
3547 629
3097 2529
4221 482
2756 3960
2960 2985
2945 1421
3800 4140
348 1214
144 1402
3921 3554
4692 361
752 1319
111 2920
899 3231
2137 1062
83 1357
3505 713
4092 1514
2633 3525
4457 4980
2062 2547
1655 2738
2712 2995
4932 1108
3067 1291
4484 3786
4270 2272
4252 2658
2316 2614
1240 4468
3439 1593
412 3914
124 4908
3252 2213
1588 2220
930 838
4505 3692
4725 2294
4774 1281
3355 4267
3804 2851
4322 2947
3594 2082
1976 4852
4270 547
1561 4244
4091 2788
1040 4439
1246 178
1966 3181
2744 1851
2626 4272
214 2075
1515 4744
2288 3576
3352 1899
3846 3524
2432 3930
4484 946
2171 1498
4282 3511
684 1077
136 4508
2020 3226
4223 3504
2109 3916
3634 4444
2509 1749
2130 4537
3713 1748
1503 4316
402 2098
2741 3240
3780 2462
2303 1340
3996 59
517 4603
364 2605
459 1411
1613 3936
2178 2287
3966 1129
1297 3847
3420 3502
4184 828
3065 2451
470 4360
2091 4606
4181 2735
2511 2944
152 3895
3415 4086
2194 4741
4931 1814
849 2901
611 1
1300 4148
3594 4027
3765 1757
4194 1663
4875 1381
193 3476
42 1847
2295 4767
3196 4748
4349 1499
3589 1553
4775 3970
2353 2779
950 429
4385 4965
837 2200
4231 4440
2947 1587
715 130
442 1547
81 1871
1684 211
3084 1392
2401 146
3782 4142
241 3785
3057 3193
4693 1348
1853 4276
3759 698
4706 2134
235 882
4524 4706
2121 3841
2848 4122
3574 3378
4658 4847
1188 45
3595 2944
2662 4082
312 171
2495 4078
4486 3020
4049 3786
255 3146
3705 1507
3544 4109
66 624
2992 4836
1480 1983
2648 619
2196 3468
3253 1463
3166 564
3168 2003
940 1661
254 1377
1469 2446
2043 4474
765 1066
3341 3898
4930 1314
3665 389
523 4331
1942 467
2749 4431
2452 455
2064 963
2867 2831
4390 4987
1830 725
2453 1619
4488 1807
1368 269
189 3894
3221 817
3626 4060
976 3993
17 3774
2992 946
4975 2452
1037 4992
3627 4511
4663 2345
4574 356
4957 4517
184 4596
4483 4505
3202 1551
2259 3552
957 868
3274 4595
3756 1689
3651 2226
1426 755
2837 3358
3291 1927
3449 2936
1138 442
3648 3939
486 4001
2975 1863
1586 4986
3768 2938
567 4599
3310 2293
553 646
2286 3553
1744 584
4858 2238
24 1691
1202 3051
2110 3456
1222 1678
2355 707
1968 2300
154 4844
2890 2713
3230 4943
2540 3629
3964 744
1537 891
2749 3154
1480 1548
413 1924
2033 2563
4854 6
1698 1661
3762 1260
4881 3814
3745 1280
2553 62
1765 2194
2051 233
2782 2422
2121 4959
1820 4805
1887 3893
2568 4091
3705 1038
856 3306
3899 4484
3009 3666
2502 773
4863 1795
2814 2423
2312 3591
1416 3386
3053 1609
3216 1681
3506 3169
1113 3188
2835 2981
147 2057
2920 389
3363 4587
3699 3418
3153 2391
1950 4836
4368 2583
4158 4117
3144 2935
2698 2726
1922 1036
3779 3886
1993 283
975 2750
4766 4735
4715 1845
4459 1091
2871 1250
1000 1009
480 2838
89 2512
2841 4899
4690 1253
3551 2785
83 4120
3567 4955
463 299
1797 1914
1551 1394
3039 1409
2152 2553
3361 2350
2636 2542
52 4515
4072 839
1867 3533
1728 3743
924 4307
3349 2175
1238 1826
668 2322
528 918
3658 4038
4650 1400
1131 108
1108 3136
333 1154
758 1480
3929 1776
3723 357
3218 4911
4885 3597
1625 4268
2557 201
1958 1098
4726 2998
808 4154
3163 3123
3583 4902
4675 452
4034 1383
4030 3789
4860 3922
258 2615
3856 2907
56 2027
3774 4385
4592 3610
1427 3114
3263 1362
603 991
3033 678
2833 1438
2238 1966
3752 4865
4622 2754
93 865
4910 1551
3099 2195
3937 65
2094 3802
60 3594
2225 1245
888 51
2213 3632
463 1391
4973 594
1712 4224
2396 265
3500 818
168 211
3012 4228
2968 3002
2270 2667
1749 3355
4046 3917
994 4930
3742 3846
2680 4154
3569 2510
4243 2312
876 335
1608 2404
158 409
1568 1356
1728 4075
662 1381
3187 2060
1409 696
1436 4111
2342 57
4684 2900
4121 2976
2618 909
3376 4584
710 2305
4689 941
3980 2040
25 4349
2972 4026
3117 3879
3347 1249
4759 166
509 1837
290 2250
2576 1047
4174 1455
4054 1730
3692 4488
4225 3037
181 2859
33 1276
1337 4135
2201 1163
2269 1442
3783 1398
4998 2632
1044 2697
3963 3953
3500 4206
1578 1478
4853 1529
1991 3763
79 2450
3980 1508
1956 4270
707 1544
4614 4568
3998 3838
273 2138
1252 3170
1063 2217
2583 736
4286 1294
4859 2656
2086 2787
2233 60
630 1436
1932 359
1197 4308
2114 1650
1555 2528
2217 3156
1291 4691
4618 4822
4066 4525
3527 3063
2190 2461
4103 2358
601 3092
2316 4306
1451 4863
1968 4069
2248 1430
4831 605
20 24
3726 4028
2308 2912
2392 1875
971 1178
1563 1588
2361 3042
931 9
169 633
3590 4753
1246 284
3673 884
3368 3860
395 3447
2799 289
2759 735
3941 3903
3090 2580
1164 4240
1754 4445
4037 26
823 342
2284 4505
668 3045
4632 655
873 1075
4849 812
3727 2326
3150 10
301 2896
1672 3155
1093 648
2883 3861
4395 2989
292 4422
4195 4058
2596 4605
985 1260
2421 2521
651 2867
970 1488
537 1695
4510 1101
2390 191
1020 982
3055 344
1213 4322
4530 2813
2088 1297
1242 1167
3168 4281
4579 537
2254 1502
3288 1327
2582 1237
75 3106
3980 1460
3579 4316
1245 3927
1344 177
501 4405
956 1343
3797 3555
2733 459
3184 4538
1162 2486
3086 2350
3346 821
2866 2775
4838 1750
1823 3415
4049 699
3210 292
2354 2769
3600 3828
1692 679
3677 2910
2433 723
3295 144
693 4101
2979 2404
1432 4712
3431 2288
331 478
2601 4114
3340 3384
2073 1788
1548 2503
4348 2589
4958 2825
680 2639
3808 1132
2833 530
1396 2378
730 2848
2168 736
3578 4137
1366 2248
3575 1024
2828 4440
3147 948
908 4404
448 4790
1817 463
3019 2751
3224 2187
2186 1471
3624 409
4114 4774
3120 2636
2104 1606
249 1572
2011 4554
3037 3247
2671 1771
3078 1390
4473 4568
3522 929
1523 2978
996 4171
385 567
1329 1182
3705 4500
2849 84
966 1796
811 3990
2812 1245
1592 1438
502 599
4513 2627
2956 2780
4887 3809
1563 4487
4729 3210
614 1593
1418 4797
1841 1970
3930 2524
905 91
2633 625
2938 2723
1236 2804
2804 4185
2590 2343
3618 3426
1913 2848
4030 2846
3624 3912
1938 451
3118 122
532 3345
2623 287
4521 4285
3434 107
4406 4263
3688 4611
435 2719
3325 4586
4790 1560
4958 2214
3291 4467
2972 503
2990 4264
3942 3646
471 1988
784 3306
2707 885
2316 415
1153 4400
2086 4650
734 1290
2764 3985
1106 106
3536 1227
4185 1613
228 1320
3175 2159
922 2619
945 2857
3261 3984
231 1981
4645 1349
4291 432
3404 1416
3512 86
606 4817
2964 3163
445 1869
4240 3410
1682 3319
3010 4035
3764 4721
1166 1839
1051 3379
4577 157
984 1579
3665 981
4993 190
4833 4388
4755 2570
3620 2092
4785 1490
2185 2796
3790 570
4986 2229
2216 2178
4020 3559
2528 3654
4204 3116
1107 2326
2203 2869
4233 4359
441 1879
2686 741
2294 2804
1292 2101
2943 3250
352 4475
2223 1772
2497 2565
1524 2189
1390 4927
217 1254
1190 927
1061 1169
2927 582
3001 939
1467 4047
156 2524
1429 4480
1848 3384
999 2515
1649 499
108 4362
2594 884
1151 2696
338 4811
2202 573
837 4217
2847 1941
4818 2836
3266 2319
3646 1687
1542 2242
4995 1133
1200 1591
2258 2960
4494 1307
2889 202
2625 4824
4890 2505
3769 3867
1739 3264
4950 2609
1467 2811
2371 4702
2520 253
2842 3833
366 4340
488 2589
4355 1703
4801 4868
52 4710
1336 906
4142 1167
3750 2314
3673 4484
1891 595
3176 1636
531 4901
2218 4942
4804 1098
3688 4530
941 942
25 4334
5000 4989
854 3452
737 49
930 1268
2762 1738
2319 822
445 96
3224 865
728 136
1379 3835
4121 2827
145 2147
3473 3150
2970 2009
4311 507
927 3986
4759 2748
2618 2132
1919 631
4997 3378
1153 1460
4234 2549
2528 4062
4271 2599
1344 847
4699 272
438 4881
680 3669
2645 4221
2051 4381
4706 1277
364 2464
1443 2244
1594 2932
2490 2846
763 3977
4891 292
3419 4068
3617 3933
2702 2797
114 408
3070 3314
3656 1552
2231 1908
785 1546
3959 911
2867 1145
3644 1562
1475 2749
1718 1018
1526 1895
4801 3017
1472 3808
1109 1211
1211 422
867 2274
1212 4262
2195 957
4819 4507
4321 1359
2295 4807
2825 114
1795 879
4628 4020
3749 3214
2298 611
4440 3384
45 292
3586 47
1764 3164
989 1284
2114 423
3979 2181
2241 4363
1709 4516
874 1528
4003 3829
2492 3216
2823 4916
1994 1670
908 1034
2748 4377
771 1509
1986 3834
2955 450
1292 1035
1108 489
1110 1482
3496 2361
688 1371
404 125
1641 499
1278 85
1823 3608
3111 4749
3109 4850
2067 386
3631 4727
3572 4057
910 3740
3985 250
2814 4709
1768 2379
3227 3265
3723 4238
2029 4232
4300 3863
3254 4992
4185 4909
4461 3052
1120 75
3094 2772
1154 3900
101 1148
3857 47
4022 4573
320 2907
331 1330
3044 944
1971 1693
2108 1513
4759 1462
983 79
409 3716
4751 3841
4024 1234
417 183
1990 1167
4238 4040
3478 1906
453 4089
3890 2161
3778 461
4704 2398
1224 4340
4643 1931
3800 1120
3769 2710
1764 4430
3876 4647
2149 2945
3523 1701
2545 1760
4708 2606
3959 1244
1311 449
1852 4941
4626 4443
3951 731
4121 1459
3964 4670
3815 4757
2139 1911
332 3696
2465 1178
391 3584
1453 2867
1025 451
3087 3171
757 4851
4484 43
3143 2233
2795 1446
1362 1311
3130 3977
2001 2653
4555 1794
1354 2910
1177 151
1835 1595
4049 1160
45 2892
4074 3362
2377 33
739 4799
4329 722
2864 381
2897 2903
564 710
1892 3497
1077 3117
387 253
3548 476
2960 3459
2483 1212
4482 3174
5000 419
3950 1803
4031 2388
2862 3864
2560 4011
4311 638
3680 4661
3459 2104
3939 2383
4448 957
4422 2053
4606 855
2948 630
2546 3794
4063 4506
3301 467
574 2988
943 829
1882 2524
2740 717
2351 1359
4116 1508
2931 1466
4674 2920
463 3874
2987 1525
649 3385
1126 1720
4834 320
3188 1450
2763 230
2586 2339
73 1622
1297 1640
641 3430
3785 4120
4 3415
3975 4558
84 3796
2118 1643
1375 530
3298 2717
3636 1946
992 1854
4564 955
554 4250
577 3469
2296 4449
1781 3171
1098 4398
1438 653
4055 3289
2389 2101
3016 1819
3992 4877
1502 3527
4055 125
4684 3400
4661 2067
856 314
734 223
2561 1121
2268 4668
654 1331
311 4447
727 204
1476 1440
2236 308
4878 4112
3532 2409
4692 466
3072 3324
2029 1765
670 1559
1702 1626
2341 4400
1463 4747
1463 1274
244 710
1343 1983
3059 1765
312 165
4906 2612
2740 835
1497 3714
3495 4827
3762 2599
4686 3885
1715 737
3396 186
2516 1830
2939 4841
3801 2651
2298 1385
4712 3864
3435 691
2125 2984
4218 4451
2229 2584
961 1901
3301 939
4927 4036
3105 4740
2481 3417
4737 311
4604 219
3359 3969
52 2096
1452 3714
3025 247
2549 2987
3923 909
3217 2302
1803 3238
950 2058
3013 4597
1587 4120
3721 2230
3949 1016
2316 4659
1531 2115
4514 3646
2102 3208
3729 828
4544 2438
1342 502
760 1424
389 3656
2028 3443
3390 93
463 3139
4929 4976
2718 2929
383 2907
2489 4195
4975 3888
3849 4857
2932 1302
3736 3327
4945 293
2728 4443
788 2910
3247 4615
2237 1789
1107 3470
4823 709
1987 3979
7 3319
527 2599
888 3948
2146 70
144 2716
4541 485
3081 2099
3697 589
2449 1060
3048 1218
1326 3312
992 2344
4286 2184
1682 28
4951 4983
2295 3246
594 1915
482 2975
2198 3184
3303 4957
4056 1792
4922 2190
4486 3097
4855 808
3265 4604
2195 1603
160 1610
1328 4771
3142 1882
836 4653
1441 182
3370 2161
946 2285
1328 2169
4621 1658
1010 3760
2964 650
3207 1373
2108 3665
2156 3819
4242 3826
4818 1858
2714 1326
3853 4449
1395 4417
2325 1545
312 1718
4735 3687
2382 2068
3985 1357
3294 729
3181 4303
4811 2127
4738 1126
4262 2185
3780 3503
3292 108
2592 3098
88 2248
3884 241
4400 1741
1904 406
2500 2960
4408 2118
462 2534
474 3629
4285 2908
3363 3294
1609 4242
1891 3966
4411 2807
3571 4868
3572 1437
4256 2870
4781 1518
3533 3380
4300 3705
3114 449
705 2291
1897 4564
364 4476
2132 3494
348 4102
3251 1787
3004 3080
1831 4971
1530 2789
3319 3272
1989 4784
4154 3761
3454 2498
567 3962
3485 2006
935 1084
882 1724
1526 4721
2176 304
1472 2115
1803 1707
2252 1135
759 4834
673 1406
526 3517
2395 1903
1918 4750
4835 1323
2990 4443
61 2398
4609 2691
662 3986
2923 1183
4739 2165
3625 3419
3155 3205
1931 1291
3021 4043
3984 1459
2588 1867
480 2044
4230 3550
4824 800
1445 4453
1495 2633
4731 159
392 2521
3927 3026
1706 1061
598 2411
3342 2930
890 2726
3675 333
1155 4795
4449 1507
2763 2302
4269 795
1979 4549
4421 1291
3075 266
1417 3385
2517 1676
1152 2401
2017 3420
4935 3501
2044 955
3215 1761
1478 618
455 4427
910 514
1926 1264
780 3447
1214 4359
2267 3542
3322 4305
2950 2997
131 2339
4414 1906
3179 4028
939 2526
1816 3088
132 3339
859 19
436 233
4460 2802
460 1356
2111 1102
228 3369
1885 1393
3505 1369
1095 2220
1050 4986
4493 144
4685 2692
4716 3776
2448 2217
4484 2434
4299 4065
4545 2538
3893 3989
4760 1228
4979 4863
2295 2841
112 1865
2711 855
4313 4246
4310 1637
2876 3922
2376 183
47 3468
636 4788
3810 2090
4648 3354
2179 2375
311 764
1466 4905
908 209
51 2362
3280 576
340 1025
2823 544
4385 4562
1278 3671
3412 181
3681 2762
1359 2194
2224 1906
1726 268
2019 1812
4373 2400
1666 3033
1876 4676
93 4746
231 3114
821 4618
2682 4437
4404 4629
1548 3228
352 3968
24 2632
3940 3971
9 4583
4749 1777
4782 1405
375 444
3276 1085
1331 3464
783 3717
2850 1586
4370 2618
4878 770
1408 2149
4524 3892
553 2042
3285 1302
1856 824
4007 89
2806 1031
4572 2155
2761 3337
1842 2631
106 3938
2880 1359
3510 4029
1848 1556
3069 358
3236 3107
2352 979
433 3497
3088 2699
1085 145
1873 1106
706 3249
288 2143
154 4035
3374 93
301 1013
3305 1022
2589 4084
3041 3515
2819 913
831 1120
2684 2158
2879 4394
1938 4898
3774 2848
851 2988
294 1420
1377 3208
770 2124
2288 2170
107 3828
2689 2229
2670 2588
2804 3523
2016 2182
4002 2939
2137 2483
2867 3288
2680 2569
4743 1271
871 24
2054 2100
643 508
1186 1252
1517 4378
1262 882
372 2636
1842 2615
4814 4985
2582 4856
3361 1439
115 4599
1683 4983
4568 1420
2250 990
3479 1717
1075 938
4164 3652
411 450
3672 4905
4740 3356
1293 2963
1376 4604
3175 3637
3952 1752
2820 4600
363 1146
3586 4228
933 4958
1646 1242
3225 3797
576 4688
1778 2940
2934 4896
967 1855
3878 2002
1392 1876
1482 1328
3450 27
3255 1203
339 2401
3538 3947
394 4941
4874 1322
4831 4209
1525 3818
2750 1998
2280 86
764 382
3215 928
1333 1015
4241 1012
1826 4166
1343 943
3353 2107
3666 4892
4904 4168
1518 143
3332 1448
1122 1143
207 3827
4577 3354
3396 2430
1653 362
814 397
2611 3145
3302 4944
4495 2762
576 4782
1161 1852
4962 1872
4782 4614
3998 2574
3667 1968
2921 3159
4203 4185
2648 149
3253 2919
3133 2868
1920 2785
3031 4130
3448 4135
729 4952
4196 597
4367 1522
3705 4891
4247 4867
1729 1805
1766 2361
3795 1868
2652 2997
804 2215
1910 1924
4135 2570
1725 4
2583 2578
114 2839
1033 4032
229 569
122 4828
3112 1748
3279 4123
4320 2973
1140 4964
249 4672
2556 70
3630 524
4626 3460
2264 3592
4957 3560
1143 3869
4088 2570
3217 1169
468 368
2131 1996
4280 1519
685 1671
4091 3172
4856 4407
1988 571
881 812
825 4980
1188 301
4785 3610
2216 4696
2584 1983
2530 2654
3449 623
3342 1889
3144 588
4271 3211
4210 3974
513 2139
2650 4784
2562 3168
1005 2169
2086 4382
671 2893
2504 2240
3403 3329
3078 1171
1716 1870
661 1341
709 2430
4586 2720
2207 1310
1046 1173
420 2724
3664 2239
1025 4863
4550 1337
2774 3842
3744 145
27 3499
97 1144
716 2051
4992 4252
1832 1522
2345 483
2298 4948
4380 3689
583 2112
1821 1581
4019 4366
2685 160
1343 1615
2162 2387
3134 1559
3827 3660
1444 2784
2191 4108
1272 2797
1359 3119
4696 4054
2319 2209
1395 2030
2637 1519
4527 4781
3577 3179
3686 2914
1978 2097
1126 497
3413 2544
2842 3573
2984 72
2069 549
3655 4473
1081 4078
3224 3620
1785 4025
409 4435
4113 53
4105 2047
3232 4342
4049 4693
1501 2814
4667 2053
15 3208
3700 3641
367 1928
2612 4881
3355 2815
710 4661
2418 1472
40 1280
1849 4867
1562 1791
3563 1737
629 2623
4015 2255
3770 1996
1306 1252
4921 830
3297 1165
3850 4095
1833 2353
4728 351
2983 287
2554 4733
4545 1491
995 3614
4170 4458
2193 3802
4381 4859
2390 2172
999 1464
93 2999
253 4953
2044 4496
3216 3705
2373 1686
694 4574
3185 235
197 2477
3342 4748
445 1949
3390 3839
4021 752
4553 3382
2890 4922
4551 3505
2492 2403
2445 60
1234 1035
2509 4067
1424 4814
495 1210
4442 3691
2543 47
4890 2959
47 1774
2505 2828
4973 1097
497 2491
2174 668
2186 1533
4300 2531
974 2031
2751 4943
761 483
1722 1424
2456 2413
2938 4703
4578 2107
4398 4394
2615 3062
3973 4119
4568 55
1671 1372
3657 440
2900 3817
2195 825
825 3095
3048 301
1046 3379
3943 2466
4076 2909
2140 4622
93 3537
2639 1334
4794 1926
1797 411
1721 2364
1298 3402
3346 727
4715 4108
3594 615
1339 445
2473 296
3446 70
1090 2367
4901 2236
2464 389
3109 1561
193 1414
4818 3735
1806 1508
4780 451
3561 12
4606 2238
3831 3413
1972 2163
2474 125
4150 20
292 399
1042 4031
4199 330
2804 852
170 1027
3217 3430
635 3835
1034 3612
4163 3454
2683 944
1529 2262
14 853
2688 4317
365 251
2619 3572
4027 3177
1753 1129
1622 1359
1561 3666
4325 2952
1561 150
2135 3288
2537 3318
3279 3871
3943 1478
3439 110
818 180
3279 4694
444 4018
2674 2659
2943 4603
1692 515
100 3498
4546 574
1685 1670
887 3175
2157 3306
4685 1632
4983 4088
2369 797
4079 4074
4113 4589
322 4744
304 2337
4195 1801
516 1720
102 2084
136 1693
4289 2548
3776 3565
1600 328
4991 3315
756 1027
1959 586
3428 4127
1449 481
4501 4479
628 1531
4991 3073
4032 3798
2238 2141
723 1758
2338 3172
2621 4548
949 3916
4242 2996
926 3251
2410 1090
2234 1221
613 4671
2492 2593
2210 2580
3551 1232
4868 854
4479 4224
4562 842
3846 4312
301 1738
3721 1149
3307 2039
600 1890
2359 1866
1368 2044
1387 2947
3132 2732
4713 3382
4616 381
513 1996
1787 2766
2985 3557
222 2636
974 1945
389 3786
857 4458
4180 3423
1273 240
230 3199
3489 4170
4614 2623
2252 4614
3393 4456
525 4469
1111 1080
19 2119
2123 3114
370 4734
2628 1173
550 534
191 141
389 756
3511 365
2711 83
3723 563
2893 4539
4861 3131
682 3738
118 2324
3575 1298
1720 858
3705 3786
1707 4210
667 3242
2175 1894
987 1494
706 3318
2540 458
219 4692
4813 782
1983 4636
4001 2295
2246 4174
1898 191
3367 1956
2002 3633
1214 1632
4452 952
4883 149
3483 3584
4013 1565
2865 331
1144 4859
420 1143
1740 3820
2644 1527
4142 581
3694 3334
3083 4348
3131 2229
3007 1477
3680 3132
2299 3447
2939 3560
4984 655
1069 1785
4700 4951
1025 302
4749 3265
1409 2640
4540 2500
3940 1093
3722 4473
154 4740
298 246
692 2951
4843 1646
4785 1616
4939 4532
2554 3049
1276 1351
639 2039
167 3147
476 1285
821 2155
3581 1542
384 4409
889 1976
2501 3384
104 392
1259 4454
3060 4486
1805 4371
2510 3757
2592 3556
2681 4745
673 652
1802 1600
1438 1596
1337 3801
2312 1614
3254 1096
1810 381
1052 2898
1511 4836
3114 3931
1142 1202
2294 4135
4304 540
3180 2615
1600 1784
4991 195
1660 4451
2273 631
1364 32
2777 4052
538 3804
3140 921
4746 871
4020 2308
4977 4044
1390 896
3470 4423
3841 1067
2436 3493
4205 1145
3945 2002
665 3182
1793 4274
4677 520
1944 3270
2680 746
696 3729
1192 2470
4720 2709
1820 4129
2792 691
4054 2997
3899 2846
2785 3874
939 3623
2296 3179
2229 1126
4778 2128
3887 3244
1255 593
4343 644
311 94
1368 1541
3918 1636
3239 1870
946 887
67 2742
1054 2369
2480 1706
1873 572
4994 2730
3246 2071
1211 3804
1875 2866
3451 4184
2308 3968
3728 1026
4913 3606
632 4977
3723 63
3545 2926
3010 1444
2402 3035
157 1247
2521 93
2397 376
3453 112
2916 4524
2731 2844
3510 3216
3463 3154
4995 2442
4047 4503
3647 1922
252 3581
1525 964
3441 3660
527 4263
2078 3676
2316 4505
985 1778
4977 1668
2752 3808
98 680
1926 2826
2444 890
2120 4387
2563 498
1905 2235
893 1569
3208 1100
1893 1750
838 1626
360 2573
2748 3336
2294 236
4384 4979
4290 513
1251 3772
4485 2008
2591 1446
1582 4131
1833 3421
3436 4759
4893 3648
789 2190
165 562
1246 1034
2166 4944
1129 860
1882 1525
303 144
3246 754
2194 747
2791 2521
2433 3794
2564 426
1445 4312
3363 3602
4793 825
134 2551
435 292
883 2443
125 631
4854 2404
3908 3448
760 2598
1233 2480
3674 541
4371 1999
3113 2854
2812 4956
1738 223
1127 4095
4157 992
74 4866
4702 4118
4824 431
4666 3609
4103 346
216 2195
1872 1525
1355 1399
4284 3077
1882 1526
2416 1380
511 4724
2622 604
4342 2882
2163 1211
2809 1483
4876 3043
1161 3574
4839 1897
3216 1284
3328 4859
1590 1408
4270 4857
3627 3319
1019 1766
1545 904
587 2953
1403 4318
4107 4151
2441 2408
250 128
3088 612
3665 930
305 2185
4042 4139
3475 2243
1823 1286
27 1254
360 774
3949 4991
4463 2055
823 958
2828 1500
2284 3786
902 4524
3597 1118
2797 2133
1760 1330
2654 629
2158 3271
2708 1721
1635 2422
4412 3611
1480 1599
1710 2171
2783 870
292 1055
1376 550
2693 1167
3640 1998
4234 4178
3579 1401
1576 267
2875 2603
108 1048
4414 2703
2613 3034
3014 2999
2327 3860
542 1704
667 3754
4419 2066
83 1570
318 3193
2309 1520
3785 1862
439 2141
2986 3365
4692 369
433 3560
2107 776
4939 4737
4645 4892
3470 3831
1932 3304
54 1623
889 2740
2906 4091
1182 4868
4686 2002
4817 4594
90 1350
3396 2431
2146 3521
946 1644
1964 369
1316 3144
1177 699
1516 555
2382 2061
4735 4078
4391 456
1059 4177
3511 4464
3320 1776
1530 3666
4571 1135
1591 266
4696 3849
3599 1091
4918 1099
2630 1059
1438 3597
4521 3575
1759 242
80 3691
430 2710
4802 371
2103 646
2379 1050
4371 3482
4936 289
160 428
3973 857
4968 4260
3958 1454
1751 3102
4122 347
2613 1940
1435 737
4796 1600
4193 4411
4801 4505
2132 545
3733 4698
2056 1922
4183 4155
2669 3910
4035 2859
172 4693
4065 1458
4183 3457
2063 1688
304 2942
3616 3103
1719 1182
3745 714
1288 3074
455 1132
51 2785
3337 900
4470 154
1198 1008
441 656
563 1770
671 476
3628 196
2103 2161
2123 2625
769 4693
1593 3630
1998 4754
3042 4710
737 3186
916 2144
3705 2404
4865 4017
2105 1592
4706 38
1088 4654
2284 1167
2890 2588
3596 3134
4461 402
144 389
2858 1260
176 1098
1211 495
3029 4623
3430 3744
503 612
3024 4944
2812 4757
2284 4957
4210 3198
3320 2113
3038 3990
3507 3853
3414 1048
1834 4343
1257 1956
4283 3634
4880 2629
1484 1901
4300 1820
4857 1954
3836 3296
3479 4818
1065 3680
152 910
4539 148
1796 1911
4304 3709
747 3954
4608 1724
4008 4583
4790 2427
1808 4849
3612 3535
297 4087
1104 2087
3583 1509
2506 1087
4449 1726
2737 4344
2310 3472
943 264
2238 1663
3466 4455
4162 2818
1120 1520
1679 3370
2877 1760
4209 3758
3358 1642
4488 694
3265 2043
1696 2287
3399 1826
576 23
3358 4361
257 4360
1539 451
3562 4815
3050 4657
223 3851
746 3462
491 3362
1059 2615
4750 1725
3188 2952
886 2589
2060 273
183 4279
4199 2599
4224 1690
1534 3515
2586 610
19 1566
1392 1589
600 4048
4326 4297
2812 2951
3147 1376
4632 748
2376 1391
4930 2890
4859 4073
4302 2171
3141 3137
1405 3364
1215 3897
2320 1385
3986 4605
638 1377
2730 4216
2786 2154
4954 3665
2413 210
1276 4039
3791 3356
2638 351
3508 4489
4465 3753
3080 3226
639 1926
1502 1510
2665 3192
4856 1142
1788 1176
4544 2916
546 1871
4981 4884
577 2083
3872 2368
1348 3007
2354 48
4781 4451
4655 4980
4693 1993
3996 2531
1618 1434
4316 563
3808 3054
252 2863
4459 3500
2197 2895
4001 4075
3650 3334
1508 4604
2971 4699
663 1193
1676 894
3665 1560
1359 3703
1058 3735
4505 4920
646 777
1306 1574
2195 3723
3466 4035
731 2349
3226 2550
1919 3707
4376 2606
2966 494
2366 392
1302 3173
1989 631
2536 4358
2195 4411
2871 3656
4505 4058
2634 2189
2818 2329
74 1436
1578 1201
3594 1997
1001 1562
935 848
30 3079
1886 2866
2855 3700
3036 2575
165 3725
866 3264
3813 2938
3258 2946
4408 4132
4078 2844
4392 4077
4289 3894
2962 2220
2981 4757
82 3482
799 1224
3788 736
180 2957
935 872
2944 45
1493 1619
2162 2905
4862 277
2994 354
1562 3235
4301 2284
2879 3604
1354 487
4593 3351
4887 847
2126 3809
4714 4529
1872 2378
4868 3555
4275 518
3248 4346
3674 75
301 2346
3216 2361
2334 4488
2321 4709
489 4376
3165 4159
2794 4439
3526 4228
2370 568
1241 3235
3266 4235
3182 3870
4820 116
387 270
3657 1470
1769 908
1383 3082
1692 4004
1136 1538
2482 3323
2010 219
4051 299
1465 2714
2313 1105
1764 3158
3183 3571
3098 3881
3178 1318
295 4631
2600 3520
579 1785
1827 4651
1910 4985
4977 4049
2437 3625
1923 858
1085 4576
3925 4684
3089 2190
4327 1633
1898 3338
3100 1872
816 1343
3265 1144
38 3702
2300 976
933 4133
2574 4415
3363 4474
4070 2546
4235 4265
66 4365
4459 3229
3223 1103
2416 1957
292 1516
878 3790
4064 2454
2911 2123
3913 4485
3544 2264
4635 1100
2060 2964
4478 1901
1163 4958
2496 2793
2898 2540
4352 603
3718 1175
2052 2330
3308 3249
2277 4799
1595 987
3137 3340
2619 4649
1444 2739
899 4886
3960 3823
733 1150
71 1684
3115 1428
4854 701
4209 4759
2457 1634
3571 1191
242 3849
849 783
1071 834
2146 913
4479 3676
1739 2597
580 3482
1665 850
4664 1156
3265 619
4175 2447
2613 3384
3650 2073
2836 553
820 2744
3625 2016
592 3088
1030 4474
2444 389
2725 696
2289 3945
2354 3786
1229 2685
2701 203
2639 679
2046 3728
3841 3837
3964 2231
4894 19
704 109
4517 3556
2211 2701
3579 566
4240 1548
1757 2152
11 3518
1343 3314
2496 937
3964 4401
1287 384
355 3810
554 1982
3958 1762
4809 4126
2657 3747
554 1534
4926 2941
1732 1996
4763 1699
4198 2186
903 3650
3877 1616
3372 3279
26 2676
3051 845
880 2216
1760 1651
4882 331
2024 3863
2741 4277
410 2016
3454 1114
1122 2018
3731 2866
4273 3046
4245 2787
1862 2202
2721 1337
1866 541
4125 4134
608 4105
10 1447
4015 910
3715 4837
4463 2715
4605 4845
1539 1469
1416 2008
677 4008
3621 2603
865 3015
810 4053
3337 3000
4957 3624
2551 4897
4480 1776
2634 2323
3098 4132
1861 2840
1256 3662
2897 4952
3648 3006
3213 51
2349 2963
2888 2640
1138 1984
1123 253
337 3917
1610 4770
3840 766
4093 2214
776 4142
39 2379
2386 3558
740 870
2786 343
8 3518
653 4304
2283 2282
3257 592
3125 2162
4335 3
4992 2828
3118 2625
124 1837
1843 2512
2505 3705
139 3614
1604 151
2531 2413
2812 278
1217 2016
3752 2307
2666 3399
2204 1437
1179 1165
2956 3909
1917 4165
612 1161
2505 4759
626 1735
3395 1380
4974 886
4932 1459
4792 2151
3635 3533
3632 679
3560 3435
2651 2145
1473 2197
4622 1282
912 679
4296 2297
2073 2444
3664 1883
2924 1211
2746 575
1544 4891
1863 3785
1170 2235
1443 4143
669 4167
3251 1616
3665 60
3258 1151
2727 2729
4299 200
4604 2587
3527 3194
2859 4827
2840 3962
1526 3260
3772 3911
1520 4937
1952 1559
653 1980
4052 2743
2291 3265
4215 2000
771 4156
1640 3283
4333 1775
2302 2832
4978 1553
4749 499
2440 1031
672 6
2202 2301
145 3511
1790 4138
3751 1414
3505 1116
3422 35
2760 16
2415 2711
4028 601
4078 3934
99 3010
4130 406
1663 4683
3442 1577
364 4554
1782 2868
4333 4701
2771 1485
3539 1054
587 1698
1161 2633
84 2365
543 1156
3774 2
3373 3260
3521 946
2391 2987
622 2226
1503 3519
539 2662
1961 3335
4222 4486
2116 3938
2633 2938
1546 1002
3202 1771
1834 1011
3520 3470
821 4187
2767 167
1386 2319
3352 1512
2922 4505
4729 4652
1912 3855
4345 916
3301 984
2034 1844
1356 870
2294 643
1672 1398
4169 475
299 4379
4137 1667
3719 1877
378 717
4616 594
2219 304
613 1970
3317 4449
4667 1627
3273 1030
3474 2743
320 3951
765 4262
4748 1211
639 2059
3517 899
3781 2406
4284 1221
3344 2031
2378 4189
2350 991
2058 4600
2595 4902
792 2974
2935 665
398 1787
140 1479
1757 1144
941 386
2343 668
4469 4355
513 2613
3767 2818
1823 1740
1876 658
2640 2335
1544 833
3232 815
4749 3267
1010 3236
599 935
4108 914
496 2064
633 4488
3041 4083
659 275
2161 1933
4623 4983
4417 1863
1389 3059
108 4058
4228 4777
2265 2386
1074 4642
3275 558
2097 4712
190 1470
1251 2328
2283 4396
389 211
2424 2667
1144 3704
1708 1829
2661 3382
1694 1129
2718 888
3606 3425
2012 4905
681 1870
3035 594
2552 1994
2639 4267
15 4351
3411 3074
997 3902
1168 600
607 1236
1992 1108
3857 977
986 1491
3351 4699
1733 1693
1805 4917
560 3213
3275 2580
1043 4613
4429 1543
928 2065
3251 4298
586 1677
1864 4415
2570 2364
531 2
2907 3944
3431 1882
2240 3553
1434 3846
1806 1308
682 2751
898 1848
871 4219
1106 3522
1504 3269
2639 2505
768 4620
2393 350
3874 2408
2505 3265
2128 2360
2331 4503
1877 4345
132 1275
3797 3562
1438 4830
792 2422
1078 132
34 4659
1813 1330
4242 1746
549 3498
2256 4963
58 2938
100 3398
1230 1515
1845 943
3695 1528
2555 2805
2711 709
3904 2138
2934 2292
4124 293
1809 2596
1959 265
4430 2659
2602 1771
1437 3026
3774 1254
4961 4267
4505 4991
4443 2476
1071 3043
3066 3282
782 544
484 387
172 1136
370 2427
4186 4717
1102 1670
4859 1273
2332 1542
390 299
4698 4371
3050 4556
2333 393
3268 3916
1242 4179
2391 1850
2862 2584
3615 738
2592 307
3536 1310
3794 4001
3692 4610
3437 4131
667 1489
4251 244
1137 2466
4842 3573
253 2493
185 237
4191 1453
3587 1178
1500 1834
4325 2468
3551 3712
1833 4577
1948 358
2640 722
4443 1916
1640 2842
351 4042
4726 4226
3777 1659
2368 3023
4668 1010
2786 22
1946 4884
1862 1581
1614 3501
4428 3358
4324 2149
3192 638
4467 33
2054 750
1967 1763
2100 1082
3103 4300
1119 3643
4995 1564
3724 4054
3465 3431
206 1668
4769 4661
864 2914
2920 1330
4818 4345
4196 4824
2639 1967
4247 1126
1693 3200
155 2363
2537 276
3360 4894
2052 4494
1661 220
2038 1613
3874 2881
2340 4644
3785 4045
835 3013
1862 1504
659 4503
643 813
2625 1291
4005 2434
1313 1057
616 3935
2306 2619
4333 3737
1600 897
2705 768
2539 4770
2241 2624
4270 2514
4432 690
4237 1109
1925 2342
4310 3531
3400 4477
2212 1056
1591 4162
2620 2355
637 2969
4125 954
4799 319
3563 1169
4307 3162
876 4096
625 4339
2740 4577
626 2494
3117 583
2505 1870
4773 657
213 2073
3071 4378
2232 24
2891 1645
1700 4535
3262 1073
4922 1064
153 3692
2852 990
4470 907
257 4780
2173 2790
472 1444
4739 3776
910 4059
3380 1883
145 2317
4826 192
1653 4600
2018 998
235 4106
4712 3189
1626 4127
4242 1279
1507 4915
4580 1198
4239 2517
764 1848
1578 2991
3315 3146
2828 2751
2714 4718
1988 789
1303 1040
2368 4961
3613 634
3987 2939
1235 4520
4539 622
4252 4695
503 3906
2970 3732
4390 3723
4249 3068
1805 4229
3214 4449
4058 1404
958 683
3048 3695
2383 1172
2664 2252
1584 1453
4324 3209
4513 3774
4436 3226
2591 4512
2669 1166
4511 1347
3479 2008
102 963
3532 4049
1711 955
2399 2151
292 4520
3962 4564
278 2023
200 57
4772 4887
3990 1620
3833 3403
3552 4844
4569 3846
4990 322
1332 3809
200 2140
3085 1902
1616 2036
92 2067
129 3592
1969 2495
3990 4364
393 4248
100 1455
3808 2039
3715 4398
334 3883
3933 1185
2064 3680
4552 2881
618 1984
4137 3509
2830 2456
946 1776
3128 3097
2633 2345
2220 298
4519 3010
4324 2806
1161 3445
577 3346
3376 3243
1858 1962
620 618
3525 187
2848 4438
89 2643
674 1037
561 1041
3846 4907
4714 707
2195 4269
1974 1719
878 215
2713 1283
2740 743
4405 1103
2045 3137
2973 1180
676 3268
324 4848
2825 1767
1874 4667
1178 2302
4224 2331
2818 4782
2960 4068
4618 1765
341 299
3491 2262
1875 3786
1142 1537
718 4331
3380 1576
1937 1013
372 1905
3210 4559
2149 2400
1338 3026
1115 1517
4154 3408
531 4560
1834 2644
844 1575
4973 1350
4681 3196
1035 399
213 4182
2220 3696
2284 2794
2395 380
2706 4526
2554 1920
823 4631
3388 3484
4244 3859
3163 4296
2694 2648
2018 1881
1512 4847
673 1951
2097 3316
711 1727
2494 4074
2455 990
1587 1324
3259 4125
1036 4798
2162 1299
3385 2743
634 2422
604 581
3429 2814
4678 3711
3534 4078
434 4610
4677 3394
4424 1658
4314 731
3297 3482
4537 1775
1204 3871
2885 3269
2845 652
917 1252
2488 395
4631 2987
2547 2663
1418 1766
961 2043
4457 2037
2583 4811
3239 4212
1970 3350
4906 1705
780 668
3711 1476
4905 1161
1554 1900
3941 3117
1431 4169
3237 4970
529 2504
2468 2616
1003 3947
645 3098
2027 1786
738 3018
4302 1909
509 4069
50 2202
4614 4868
1254 4799
2785 1043
50 832
2541 4836
2887 3559
2518 2915
1070 486
2411 2848
3178 2179
1956 2311
2200 4176
2417 2252
1129 393
2431 2913
1024 1141
2275 4857
764 3832
4707 1832
1606 1222
4538 3463
3043 2177
2284 2140
4782 2089
4946 2342
4564 30
1905 3566
4149 192
2380 4449
3259 4201
3559 2609
1167 336
100 3695
694 2756
2301 2025
438 2194
680 4585
1427 1147
4378 2739
1156 2166
4565 3635
4090 3529
500 3934
1856 1488
3461 2634
3680 1900
1632 2844
3293 1953
1522 1910
1615 1951
1970 1572
2803 1153
3845 2286
3933 1367
2727 1388
4420 536
3293 154
4354 4843
2035 3078
4864 4646
133 4230
4918 4902
4821 3481
57 1550
2843 1865
1610 1878
4500 1211
3830 4465
912 1073
1026 3583
1559 4434
4842 2473
893 2104
4818 3775
2869 2326
4481 1069
3605 1215
869 849
3333 2267
636 3669
4459 3989
4914 4830
1396 282
1707 4911
1655 650
3819 2140
4014 3600
2153 1572
1476 4388
2247 3016
751 1723
1144 2458
3846 2390
4973 280
737 3217
3390 3407
2103 315
320 3264
645 2206
2907 4609
1592 4297
4741 3270
1804 1170
3138 3736
1970 461
3487 199
2961 2054
2471 4269
4381 351
712 3215
327 4625
400 1269
3690 2815
2192 3056
4545 2404
784 1155
1805 4341
3989 3678
1599 2808
1497 993
843 3867
3632 447
427 3011
1470 4220
12 3927
2385 2789
2303 3574
3824 1442
2211 1363
3264 4517
3020 2227
3737 1983
1842 1497
144 3484
3381 4634
4800 3804
226 3105
2588 3321
3546 431
1438 3849
2004 2466
2559 2841
325 3415
2745 612
3085 155
2285 4107
3698 1459
1020 455
1150 4076
1260 1910
760 3387
2543 2336
4262 4988
509 1505
2422 616
1697 205
896 4543
818 1219
64 1774
584 3597
2504 2340
1397 3331
2429 1551
1078 47
603 1223
2937 2497
4472 3606
219 3167
3928 2162
4530 2938
4567 4107
154 95
4495 1585
1128 4145
3250 1935
767 1526
4391 1139
2180 2966
263 4184
2772 3019
4517 2740
2162 8
4254 4992
2870 3234
4310 73
3886 1109
458 4812
31 1297
2117 4453
685 4075
3285 4449
121 130
2222 3339
519 2870
1880 2878
2162 3293
2048 411
1630 885
234 4523
3637 4418
4172 2794
3134 2773
3411 2841
1856 1228
3912 44
154 2220
1663 2886
2637 2018
972 4272
2825 4871
988 3507
2555 4607
2536 4919
3479 3190
4523 3668
4903 4055
1017 3134
553 4976
787 3693
3409 3175
3486 2189
1684 1496
3527 2608
781 3301
209 841
3746 963
3311 1756
3415 147
2443 3334
2763 2245
2086 3365
2494 3509
2970 3730
1765 3705
2493 285
4889 2739
4337 2372
2122 2134
3268 2015
2765 3367
3039 2459
441 1834
936 2862
646 4361
3646 2021
4996 1721
1870 4113
2361 2290
4468 1520
4383 1699
3628 752
3408 373
581 405
2314 776
1048 188
2998 2212
4078 1182
905 3498
1912 1537
4762 1558
2733 2115
1780 2295
4080 4918
4429 579
3217 631
2494 2579
326 353
3424 4269
4345 3967
4221 454
732 2194
618 1622
376 2380
1470 86
401 935
3068 137
1077 1112
1239 1672
1720 4402
1600 111
2279 4330
2540 3509
1373 1724
2747 675
3322 4436
3674 4261
4834 548
980 4270
3505 354
2588 29
747 4138
2576 4415
4378 4726
2617 4650
4190 4239
2276 693
3042 3171
2896 2407
3723 2563
1732 1449
1567 1694
2657 4490
1216 3690
4687 1840
4289 821
3134 4333
1474 4376
920 2128
4591 4387
2182 4731
1142 1423
2537 3119
4426 3003
1924 2927
2218 4723
2599 3570
976 2487
3335 1575
4120 248
2190 1934
2806 1492
3830 733
4323 750
3793 4192
2870 2139
2235 2588
4078 3530
3976 3888
1818 2064
4873 3301
2786 4957
3740 596
3349 1256
1226 1662
909 1636
816 1140
2119 1050
1424 1609
3458 2406
2883 134
1786 2326
3335 4902
3757 377
2956 1788
2657 4333
4253 4344
1397 1682
3560 3684
1731 4702
2883 451
229 4294
1453 946
2727 4454
1205 45
1330 2928
2528 184
2388 3124
4375 1440
3991 4189
3949 261
4167 2293
709 4317
279 2485
241 1682
224 1382
1986 1095
4835 4624
492 618
819 1502
2216 3449
1781 3619
1665 4610
4822 2571
3692 3045
4105 3335
3206 2565
4126 214
1218 4192
4478 2749
3981 3517
4357 2596
4972 4505
4719 2622
3446 1921
828 4588
987 4656
3962 3391
422 2561
4114 772
2414 502
3653 4888
1815 1708
3333 4315
877 1617
2745 3924
1331 3420
3376 1943
1057 49
1028 1635
1736 2118
2883 292
3224 697
4884 125
3642 241
770 3096
3670 2132
3430 4325
574 3427
4169 4415
2420 3947
4350 1010
557 3737
780 1068
1930 3253
1822 2550
446 382
3815 3652
1248 4159
3286 1984
4409 3375
3235 3989
1220 1142
242 1836
1544 512
736 4653
1855 443
745 2177
1785 4257
3044 2966
3401 3442
696 1622
2872 2295
444 2238
1537 3638
981 2031
333 253
3593 1187
3357 2981
2381 4605
4202 4052
3220 1548
2926 4831
1792 2340
3899 2348
2874 1331
689 783
4781 2711
3146 1481
3882 4080
4365 997
4501 4009
4594 3299
3074 1947
3692 3235
191 2891
4618 4060
2960 83
2558 916
54 4103
2043 2450
3235 3415
794 3826
1472 126
1157 1983
3418 3137
1549 2326
1409 846
1897 1973
660 2293
4246 4808
1381 2115
1370 2634
3264 227
4500 2633
2229 1079
4488 4602
1076 4601
4801 3191
3007 1159
4520 400
2902 3705
1308 3237
4332 4676
1211 1612
1743 123
2743 1601
4148 4015
3126 531
4255 3488
2290 3241
4844 2798
2028 2417
4801 1983
495 1428
2906 2768
4583 4016
1020 3393
260 4759
1995 4639
3968 4617
976 2861
4809 2257
2132 2673
1188 2499
2964 2347
3008 1129
2284 4775
4840 3628
586 2739
3471 1553
2710 1160
1393 631
371 2740
1025 3382
128 2469
142 817
4764 577
933 1029
3382 4094
3794 1910
2221 3045
4767 1896
2136 3191
3007 87
3006 164
345 1724
2964 502
4950 4982
3449 4419
1659 3574
1023 4398
4205 2249
1287 3659
4144 4756
435 4751
2094 3937
3236 2809
187 2607
4340 1601
3988 326
951 3070
4441 3775
1401 3222
3068 2125
2498 4624
1497 3999
670 4768
3456 1573
3346 2781
533 141
1490 4640
3197 591
4020 3281
2718 762
3720 4831
3239 3101
664 375
4044 753
1955 1684
1454 3253
2405 717
272 2266
2008 4355
3184 2467
4220 3130
2260 2997
217 4292
1496 3921
4846 4785
4954 1127
390 1846
404 4081
1772 2287
1173 2704
4208 2244
2527 1789
617 2284
3622 3185
1798 3371
951 2755
901 1883
1989 2482
4336 998
2875 3138
2439 4927
3201 2100
2633 1245
804 1665
162 90
3696 1192
212 1321
152 3481
4232 805
603 2500
1188 4125
1083 3916
4847 1014
913 3345
61 2649
1863 2519
1214 1634
912 3300
2532 1664
480 2373
638 1638
1128 1492
1598 3039
4269 1991
943 4159
1130 2563
5 409
1487 3476
3919 4592
2541 3668
4338 2395
2164 1265
1086 3988
3680 4295
2939 2377
3994 2960
3419 4680
1203 2372
3094 1433
4984 666
4286 2883
2106 1316
3917 4456
3233 1916
2966 2163
790 3730
2581 3440
373 4216
4349 3786
142 1315
4938 437
3853 1727
2710 3437
3265 1799
1182 4661
2439 103
1859 3065
4880 2419
1412 621
3670 4697
1468 4780
878 667
2924 4509
3955 1231
1305 4454
2521 4484
3878 2441
4988 1968
107 1392
1592 1103
1108 751
3631 4415
575 1177
2750 4771
1284 1228
3330 803
888 1296
3396 4099
3383 4330
1652 3111
1855 2528
864 1670
627 4556
3922 1731
1048 2933
1301 3278
1284 4239
4347 121
3980 3490
895 3868
389 1523
4610 3244
3916 221
826 3421
51 4143
1169 3444
2523 2063
2208 1985
4540 2967
1950 4213
3266 1629
528 1600
60 590
3149 2389
228 4573
2993 4195
3555 2647
1999 4100
2180 329
1124 1925
2108 1206
2965 1623
965 1333
3211 4832
731 3248
4705 2315
2715 3560
2472 4451
569 603
3715 735
4 2528
13 3706
493 4927
4160 822
1061 2919
2324 1907
445 1261
2679 4934
3874 1174
3649 3643
446 4925
3398 4288
1255 119
3682 4007
3734 1625
1247 123
303 2824
4702 1718
1805 1246
3117 729
4393 3927
2633 324
2243 2460
1409 4955
1830 909
3597 313
3519 3843
1509 2611
503 2822
2672 3390
4929 4416
1177 572
2881 1261
1675 2200
915 2388
1032 334
1658 3287
3318 2757
2291 1195
3491 4536
231 640
2167 505
1932 4198
2090 4572
4958 202
422 3607
778 402
1996 1812
4614 2741
1053 3537
1673 451
4055 259
4393 426
700 4988
3780 3048
3589 4413
931 1596
3509 109
2918 4074
3009 2958
4167 4746
4856 4541
1076 3794
2331 3313
2085 3956
4713 3330
994 256
3606 3097
4479 3021
1842 4531
1922 396
2482 3710
1183 2223
4325 537
4168 309
3391 3990
4637 4840
1083 303
863 3123
1839 2080
2007 962
2482 1674
4157 3786
4929 978
3772 1427
708 302
1410 574
3279 3247
2551 786
3891 2172
668 4114
2253 4165
4618 3754
1355 77
3370 2736
714 1423
4087 403
4257 4104
1628 1366
1185 2841
4411 2814
3829 111
2210 2375
2816 1616
1322 3368
2281 3998
2694 1828
4784 2917
4869 4008
3853 1698
1871 2267
377 105
2868 1426
2306 3805
33 3995
4023 1841
3430 2217
4411 2829
282 1258
1061 3301
4893 4776
1796 960
2801 1922
2917 3392
4403 3335
283 1607
2150 4216
3932 4232
2313 390
1669 83
2326 3433
671 2934
1246 4484
4621 3324
1425 968
3333 4223
1670 775
2567 3730
2460 219
1546 4191
551 1407
2758 3962
2586 2479
4339 3212
3005 4946
1432 2727
3299 4503
3129 2499
3374 2062
3571 4557
602 492
3210 37
3936 138
782 2345
1928 3423
2802 2593
4206 4679
1662 1080
4554 3661
3939 1842
2319 1356
2471 1295
187 798
1072 3228
4176 1580
3127 3118
4170 2007
4508 3172
4433 4684
3552 1331
4394 3422
4484 193
1215 1834
3256 1143
2677 3671
4425 1728
2203 4328
1987 4467
1146 4058
2065 3178
2555 2980
4515 173
3132 4632
3842 2368
3862 3777
985 3844
4826 4
1606 4547
3477 153
4722 2495
1471 1244
809 3127
2624 4501
4255 1685
4847 4892
2375 3140
3691 3048
1270 2500
3563 3540
1857 975
4844 4342
1476 1272
2189 2110
1304 1036
3289 4960
2942 3048
1904 1875
1750 2016
2072 932
2895 4680
3983 117
1560 1602
2621 360
4858 3969
414 1600
703 3367
1148 4455
2090 1650
4308 1983
593 3536
207 1486
4694 3479
214 3355
4486 60
1243 2318
3522 882
201 4522
4933 3728
923 523
3347 3810
4054 518
299 239
3011 4504
4556 3013
2769 770
620 3771
281 3037
389 3479
796 4462
4032 1410
4128 3666
2813 4504
3277 4614
1979 777
3131 578
4360 453
4789 2924
1347 1532
1658 3431
3739 2314
136 947
3112 3926
2999 4840
953 2320
3436 724
1074 1873
3131 3685
931 3643
2361 4461
861 1398
4138 4926
992 179
136 4482
3204 2648
4390 574
2380 2700
1456 61
120 2874
2426 4636
2829 2690
1009 2522
609 2656
1390 4373
2208 4486
1050 3736
1571 1262
3217 4389
4158 4744
2115 4517
2474 3858
2167 3137
2991 1360
631 277
2484 322
57 4630
734 1184
2356 1154
3785 1616
592 421
563 4058
3538 2044
68 494
2801 292
3389 3039
3697 4335
3368 3597
490 3358
1425 4486
4833 4783
1853 4997
2168 1734
1963 3551
849 2614
225 302
1246 1707
2483 135
118 3505
1490 477
3433 3601
1419 3123
4867 2884
3696 3114
332 2810
774 3808
729 3901
1834 3811
1312 4148
4355 687
2300 2817
1784 163
1775 1535
26 1690
1093 2970
4236 3537
3680 1537
316 303
1006 4929
987 304
4152 4299
637 1320
3874 2834
3114 3972
1350 4570
1540 303
4074 4019
2016 4745
2578 3485
2401 686
4474 3700
4749 3833
3135 4614
3073 161
1619 1517
2142 3814
1089 4668
2776 1684
568 3000
218 995
4406 3663
1378 2655
2625 2367
3965 1033
810 4398
458 702
653 3296
3866 2654
1800 3137
1807 1929
3048 3151
3091 544
1361 4633
4362 4356
467 416
3624 4358
3983 2778
1390 1476
1034 4723
2575 4742
4097 1898
4273 890
1584 657
3334 2274
4426 3650
322 3854
4173 328
3920 1610
155 1832
2575 782
3978 2132
3656 3057
3203 970
4191 3016
2878 4601
3498 1461
3786 2960
3018 2638
3741 2292
1127 3806
2750 3294
1606 4072
3144 2163
3648 3975
3033 2815
1107 437
4000 729
3865 822
3705 1438
1158 1090
1117 2786
2175 1436
3748 1632
2477 4500
2000 4285
205 4218
4499 1613
3107 4566
3044 2282
643 4675
3588 2022
1630 1418
3876 1308
2522 1270
3480 1304
2512 4098
1193 2209
1365 174
4386 3438
1868 1721
1656 3888
1407 1308
3575 4758
3836 3880
323 374
2143 2915
3992 2028
3002 2291
4300 1139
2205 2615
1352 961
3951 4278
2619 3343
180 4791
188 4161
4543 1446
1841 4488
4183 4301
3432 4079
2964 3635
3028 4347
4810 4421
3381 4115
208 3554
1466 3243
1526 4491
1353 873
3642 793
2566 4629
3953 4484
4561 4182
2899 2148
2972 3030
932 57
4168 694
4068 349
3590 4374
965 172
2348 3516
2021 1561
2271 3300
3303 4399
618 3799
3080 201
4706 1341
3417 2372
2304 825
4534 1564
2260 2722
3966 1865
3759 1316
4110 1934
3553 2188
2771 3662
4175 2506
2312 3899
1600 2292
4120 2248
3907 581
186 4497
1755 2676
4520 4872
2478 2550
3290 317
1502 3235
788 1317
111 2063
4723 4498
1605 3415
2853 3862
403 320
3381 3163
3055 1286
2513 225
2712 892
917 455
4031 4197
1578 827
1162 4012
801 3156
2316 925
1132 207
4540 2734
1035 3455
1553 4258
952 3190
757 2464
3771 522
4420 3391
1928 2840
1462 3589
2428 2412
4693 1120
4891 2703
3406 1277
4181 4826
3083 2763
4533 1031
4392 2990
749 2593
388 3529
4259 3228
4825 1404
1390 4958
426 2442
1841 4574
104 1606
1125 3324
1061 3325
1461 3954
1591 1637
3524 4706
2871 3263
529 1016
3648 4413
1614 4280
759 1501
806 3776
1467 4291
1521 1665
1392 3456
1628 4854
2904 4580
1789 2593
485 1270
2154 4224
2332 3072
468 4446
2834 4445
748 3355
767 3459
1975 2907
1427 3706
664 2099
977 1402
1018 4631
3027 4958
294 3807
71 3520
3398 4372
43 4608
3846 4326
2300 3542
2900 4898
117 3242
121 640
2768 2907
321 4010
2292 3240
3117 3874
2900 3067
179 648
3301 4565
1825 2118
205 3558
1370 4419
2099 4024
441 2290
3889 4524
3003 3227
346 1146
1390 4505
3651 4097
2206 3760
1738 4981
987 4001
972 4571
1578 2555
864 2763
92 1014
4406 4694
1704 4409
2673 3987
290 2913
1274 2747
1227 2776
230 1723
446 2772
2669 4146
119 2702
2413 4351
1171 3249
2173 4412
479 4341
2765 4745
1589 2979
4255 4596
2198 2756
2006 2101
4079 4095
2347 2805
1082 1824
1462 2231
1100 2156
1174 2480
2802 4012
2560 3755
1561 2865
929 3715
754 2341
1379 3171
412 1232
259 1272
2589 4968
4480 4552
1110 2156
2076 4556
3730 4990
990 3875
1338 3723
119 3216
1021 2150
459 1551
644 3826
465 1027
1489 4683
1078 3189
1941 2168
1604 3898
2229 2505
633 2911
425 562
1920 2553
1215 4085
3072 3404
2559 4825
694 2274
2107 3928
439 879
2097 2227
829 1371
3155 4890
1225 2279
700 4587
4343 4489
621 4169
103 223
1177 1729
2099 4651
381 1033
619 1637
1837 3915
2286 4453
1438 3042
1505 3290
3483 4111
3314 4202
522 2570
3276 4965
3067 4817
1496 1596
408 804
76 4738
1423 3767
1048 1991
1357 4614
1287 3407
1640 4313
569 3003
3146 4742
438 4845
386 1940
3884 4779
1874 3055
314 1253
746 2398
2175 2913
229 3588
127 4454
47 1009
2100 3449
1526 4007
680 3605
283 1637
308 1424
987 4737
1370 2029
519 4941
202 2125
387 4161
1423 4627
450 2195
106 3781
698 4452
2339 4252
3237 3385
65 3005
139 2613
1193 1296
1089 2491
3542 3713
3960 4017
2142 2210
3981 4105
2001 2481
1319 4085
666 4275
813 3931
207 2097
4560 4780
2068 2542
3562 3566
309 3367
4 687
372 1994
1363 1662
951 3310
1103 2041
632 1654
780 1873
192 1734
444 2160
1335 1838
1205 4316
558 2409
3949 4375
1515 3340
733 2832
1383 4869
678 3945
1031 2379
3957 4606
1598 3491
221 2877
1816 2543
313 3948
72 3683
585 1035
1319 1858
345 3517
1870 2201
1633 3797
3643 4874
159 2767
237 1632
44 1319
1479 4787
2271 3620
2564 3370
113 4081
319 3258
581 2978
3431 3641
423 3271
766 3078
793 1917
58 4672
940 3854
2340 2584
1292 3168
1656 2183
3286 4495
2072 3685
3050 3417
161 1952
430 1133
3483 3916
124 3189
1222 4673
1515 1596
2975 3539
3701 4462
2122 3177
393 834
569 2858
466 677
813 1049
9 1755
3281 4173
57 3497
685 4004
569 2026
4569 4877
3940 4928
2067 3977
1457 2785
2272 4683
585 1594
1178 4145
2222 2912
1432 3153
523 3132
562 1172
1914 3372
3523 4427
3854 4884
731 3268
829 3098
410 2014
3608 4952
863 2779
2543 4247
895 3676
1115 4190
2391 3114
804 1409
77 4874
3648 3759
971 3693
4420 4838
2111 3376
123 1180
756 1810
997 3080
2285 3753
604 2949
1284 4180
1099 4663
731 1159
525 1020
942 3444
1909 2601
56 1805
1226 1270
2145 2372
681 1292
90 1232
708 1192
3699 4528
4051 4508
1495 2812
3422 4643
1019 1155
398 3522
109 1497
207 2907
2635 4719
326 4185
3020 3803
2005 2712
1109 4641
1809 4264
4076 4285
1125 4235
1138 2591
41 768
3213 4199
2168 3478
2272 3266
1338 3350
76 3808
191 4070
2993 3575
2620 4346
538 2644
43 1528
2419 2450
2899 3676
1148 4337
1965 3332
3089 3181
1193 2352
223 2009
1567 3716
357 2694
20 3876
3411 3645
1688 2964
1049 4040
1822 4424
969 2493
3651 3675
3512 4012
1115 3204
604 1498
2547 2790
827 2675
1621 3264
2252 4419
3292 3787
23 3436
340 3675
4348 4957
2798 4488
1447 1787
878 2557
1935 2336
1851 3242
1224 3563
1008 2147
19 961
2560 3853
135 664
1678 1718
1389 4356
185 1936
3537 3816
1074 4162
1690 2384
17 2084
177 4510
177 1092
4030 4175
1086 3631
2628 3332
659 1894
3424 4991
1058 1131
812 3861
1119 3252
3961 4024
3406 4281
1852 4287
3368 4451
145 2078
1007 1593
2857 4054
894 1760
268 2331
78 4193
3527 4055
44 2507
349 4926
161 3235
1017 3133
1992 3035
2562 3760
83 1988
2209 3611
404 2511
2402 4134
1041 2611
2164 2210
3592 3668
1598 2862
3692 4093
2443 2777
1449 4458
2796 3105
2135 3858
271 892
2720 3594
149 4121
3580 4963
1394 2599
952 4798
220 1569
3962 4058
1239 3175
3349 4134
1665 1705
1340 2082
4043 4534
2469 3695
217 2937
164 985
2334 3309
368 2013
2453 3243
3841 4521
2143 2926
2785 4702
427 2254
1409 1608
3306 4552
2913 4623
3632 4761
413 2840
355 3009
3173 3215
59 2565
1624 4073
2401 2582
2499 4474
679 903
1439 1450
4584 4845
811 1626
816 2407
182 1116
1270 1499
1478 2927
3495 3739
302 827
146 1560
2205 2849
2953 2975
3255 4671
1632 4751
546 2776
1293 4403
122 286
2312 2938
509 4819
2876 3939
1583 2880
1914 3281
2482 4615
2965 4562
2589 3515
516 2083
2787 3021
610 4715
642 3700
2252 2578
1764 3164
1791 2224
1784 1906
1740 3665
3140 3993
2480 4600
1176 4564
2652 3376
1544 1903
493 1360
811 1867
1703 2059
1619 2640
262 1843
718 4529
2984 4488
853 1994
3283 3776
32 1397
246 930
1916 1955
525 2389
107 3206
566 1097
303 1209
831 4189
633 2878
1023 3572
1085 2210
1075 2886
1897 2642
2917 3098
388 3489
2830 3691
2436 2739
2714 3436
634 3382
3848 4996
315 4557
1725 2371
1012 1796
500 2593
395 2786
646 2709
305 3736
869 4889
609 3244
111 620
3320 3884
996 3481
2134 2899
964 4498
1835 2972
488 3553
807 859
723 2112
1360 3964
2799 3102
3073 3885
861 3409
2366 3848
1303 2870
1257 4477
630 4912
932 2710
810 878
728 2484
567 1643
757 1513
2516 3201
1913 4200
2827 3885
4904 4905
204 2955
2755 3223
581 919
2173 4184
452 2340
2245 3891
1948 4353
2660 4182
1241 2800
654 1595
648 1156
1975 3142
380 3027
2345 3709
558 3801
1986 3560
3207 3859
1447 3305
2113 3472
13 3712
206 3673
909 4292
94 1236
3611 4303
4339 4442
1244 3088
1711 3487
3688 3979
896 4983
829 3781
2333 4973
1651 2576
1429 1547
2169 3921
379 2263
1716 3797
2043 3136
81 4060
1764 2169
48 4533
2574 3191
3826 4159
964 3997
2761 3239
564 3251
1367 3391
4002 4570
3487 3836
3909 4265
2056 4253
718 2459
1285 4165
2228 2841
1644 4724
157 4505
653 2746
551 3833
658 975
86 398
554 1511
1749 2728
1157 2175
2118 3736
1215 1709
794 1034
618 3254
3400 3454
4 4943
1839 4169
2041 3419
2693 2752
1771 2802
416 896
2080 3572
888 1374
152 1467
1601 2955
44 230
767 2267
144 3270
1129 1448
3674 4847
2954 3332
2011 2962
955 4099
3750 4905
1705 3511
3289 3601
1357 2950
396 4703
3937 4935
74 1122
1014 3941
1206 2893
141 4712
77 3499
562 814
360 4359
1849 4238
4007 4232
2209 4440
2707 4959
2931 4032
1593 4528
916 4234
286 1147
1768 2921
1947 4324
212 665
430 3114
1987 2221
2672 3104
175 2433
501 2050
3522 4420
1246 2490
989 3704
4134 4544
549 3105
331 2265
3775 3783
1232 3488
1251 4436
1095 1736
7 2605
493 4845
761 1511
3199 4514
1015 1624
2045 3041
1349 3749
735 907
768 4997
48 2640
452 4395
1980 3542
502 1441
266 878
4797 4849
868 3231
483 2850
1351 3531
1943 2074
400 1384
2009 2122
669 765
588 3839
1848 3945
2688 2758
799 2506
217 2794
2641 4231
3526 4316
2729 4633
14 1536
2374 2897
3473 4361
1159 2862
619 4714
1855 1912
4050 4900
574 1866
654 3501
4149 4921
1218 3238
1541 4439
2442 2650
3230 3252
1641 3290
407 4941
1035 2103
11 4132
2727 4202
1616 4967
496 2342
104 2301
2510 4326
1406 3009
8 1114
3357 3646
1083 1550
1074 2970
2276 4906
3437 3936
1526 4820
526 2225
2626 3556
1126 1414
171 1380
461 4013
714 3931
1256 3811
1362 2836
876 4110
829 3115
4732 4997
2807 3438
2002 4384
2588 3511
1808 4027
196 4812
4066 4097
1783 3494
360 3171
21 2048
2335 3528
457 4420
2230 2888
1374 2477
2292 4552
1491 4540
605 4095
2750 4760
535 2273
3103 4023
2190 3392
1816 4086
2183 2897
1602 2514
1341 3767
572 1653
1398 4813
3296 4891
4412 4463
213 4013
779 2989
1672 3858
2141 3334
3143 4560
2358 3230
3020 4105
1166 2060
1365 4178
146 2331
633 1140
649 2696
1694 1795
761 3790
2588 4664
3486 4076
1519 2903
4261 4294
1214 2016
979 2024
1902 2434
851 2171
4799 4913
2582 3748
2080 4446
820 2172
47 50
34 2336
4661 4700
2320 3761
3879 4296
300 4701
2722 4871
2457 4406
828 2686
717 1595
698 4529
1091 1709
3258 4062
1081 3628
1079 4701
103 4384
1999 3295
596 763
91 4907
342 4272
1362 3712
1590 1918
2185 4455
207 4580
1403 2950
2367 3148
873 2278
1054 4119
937 4142
4532 4643
454 2326
1125 1621
400 2433
738 2162
2149 3054
1549 2172
519 3936
2147 4476
707 4962
2910 3864
4840 4993
1000 2833
2422 4034
122 4275
1269 4724
4014 4797
873 3199
2472 4108
1567 4729
3427 3649
3142 4219
1090 3874
3282 3424
774 4474
1546 3250
2993 4441
117 3299
3378 4102
2544 4742
4257 4598
179 3310
475 527
1811 4668
2828 3341
1839 3062
1885 2076
451 1898
2844 3445
85 1681
2572 4308
1900 2331
1180 2597
239 462
59 3600
2187 4542
1731 3498
1546 3242
1423 2938
2173 2644
2961 3507
1760 4523
2207 4546
1801 3742
24 4885
4188 4864
2307 2478
456 2947
2630 3237
1128 1608
1691 3245
1476 3532
392 4587
391 950
3504 3871
3536 4044
3417 4177
563 1097
59 2416
241 3276
298 2430
169 796
3371 3479
2913 3837
693 4301
371 1762
885 2782
846 3307
2701 3273
1945 3967
2472 3447
1483 1927
1122 1705
2421 3726
986 3443
853 1652
2646 4904
815 1623
1720 1970
544 2121
1703 2818
2161 4544
1726 2148
2383 2839
3695 4946
2060 4024
1597 3506
1204 2112
493 4542
1007 2967
1515 2353
2098 2802
1088 2823
798 1865
4341 4495
778 4266
1865 2441
1282 4555
238 621
38 4883
4581 4769
528 4650
3001 3716
239 1833
2448 3375
823 4853
713 1805
3354 4918
798 2278
142 2617
1781 2838
1023 3217
2499 3964
2472 4335
1966 3744
138 3380
455 1167
1866 4943
4189 4901
209 4339
4363 4437
1788 3300
884 4324
3411 4175
2124 4991
181 581
3101 3840
3528 3937
831 3846
488 2025
3431 4160
1972 4262
1413 2893
672 1946
2230 3972
479 2239
1444 2227
2189 4270
93 2385
234 3662
556 1049
2976 4714
2677 4855
1979 4552
567 2452
58 2993
3 1746
1100 4351
2388 2525
1140 3610
1318 1478
252 4440
1385 4336
718 4904
1938 3737
3886 4896
2191 2957
941 2970
999 4488
1048 2561
791 1396
2536 3232
1213 4471
1234 3059
1333 3482
2799 3731
1344 3834
127 1285
965 3388
2741 3922
1132 3607
4081 4661
3111 3949
1449 4504
3737 3842
1997 3661
4252 4924
2729 3014
1185 1844
2084 3972
914 2445
1500 4186
3579 4889
1199 1412
2356 4056
446 3744
1869 2462
552 3707
2667 4230
930 3255
404 975
3527 4162
163 1503
293 3149
140 146
1361 2989
3808 4288
402 2639
2689 3544
619 3339
1596 3829
300 1228
710 1382
2595 4889
2440 4697
1188 3587
4285 4837
3702 3971
1552 4068
2898 3419
269 2048
1124 1852
1654 4583
1307 1551
707 1192
3433 4491
897 4311
1943 4051
1302 3556
2786 3174
985 3798
2906 3178
1254 3068
2037 2511
344 1221
2354 4076
2092 3517
7 4384
1505 4535
390 3974
2034 3982
879 4177
2558 3966
888 1817
1656 1915
167 4149
103 2303
967 3547
2796 3568
213 4633
958 2714
2188 4068
482 1775
1257 2377
3093 4814
1946 2388
1051 3603
4574 4596
3398 4596
1867 3905
913 1152
3867 4766
2248 4464
976 3864
3525 3840
3210 4678
4155 4931
835 1623
2804 4808
2407 4350
297 4200
1436 3221
2505 3111
1085 3530
526 3442
812 3544
354 486
189 1185
2320 3516
295 4437
2658 3535
475 2246
461 2313
2053 2902
491 3664
3973 4308
2400 4220
478 3051
581 1036
1937 3384
634 2975
4003 4065
3898 4223
98 691
1539 3352
1672 4702
2932 4492
1537 4406
106 3467
1689 3116
142 1048
2685 2693
293 1576
1150 3068
863 2418
1751 4546
814 2735
1380 2080
59 1117
2814 3554
3594 4454
1436 3941
549 4025
1745 3513
178 822
166 3583
1470 2914
40 525
1294 1504
825 1893
1045 4830
595 1629
1562 3501
1718 3421
128 563
2384 4591
1102 4750
1179 3343
1561 2804
669 2486
1151 4585
1469 4466
185 4379
4375 4429
2782 4742
2505 3620
966 1762
1538 4249
2956 3913
335 4338
1101 3013
575 1809
2322 3479
1133 4189
1911 4558
1118 1729
1532 3467
4101 4241
1197 2830
3279 4811
3178 4063
1137 2695
1251 3519
1456 3606
1962 2073
4796 4959
2153 2564
4760 4880
3787 4465
708 4696
297 1214
3691 3977
3943 4477
2139 2757
402 1172
262 1022
1116 2356
3806 4890
512 4861
2604 3135
1486 2475
2080 3577
1541 3267
1619 2848
385 769
95 3755
843 1791
1501 3735
233 726
2171 2935
3187 3240
267 1730
1174 1187
202 1482
3197 3806
974 1823
2245 4894
3965 4530
659 2636
2484 2773
171 1957
1824 3799
2737 3563
1822 2321
3156 3609
1721 3819
43 323
3719 3819
2846 4582
1658 3408
2016 4427
235 1707
704 1009
3130 4322
208 4475
1575 2353
874 4801
994 4840
3128 3233
2253 2955
1789 3384
2516 4643
3099 3611
1283 4208
1600 3470
2995 3678
988 1723
2885 3058
1097 4149
2736 4971
711 3408
1949 4749
2220 3278
1311 4051
2931 4274
2130 4494
76 2226
1433 2040
3908 4409
2755 3995
4186 4357
54 2991
1128 2967
1586 4830
985 4727
1081 1847
1354 1476
3316 4599
4008 4361
2712 4914
2123 4308
271 531
2119 4647
195 3315
1872 3016
597 2306
2536 4146
1257 3633
1760 4388
178 928
1975 3501
3688 4223
1196 2332
1020 3896
960 4380
231 1756
611 4567
3429 4946
206 1161
2905 4423
3302 4920
434 1313
457 1739
343 3013
2372 4269
1641 4414
1239 2088
1697 1843
2111 3642
1182 3371
632 1003
59 4019
2837 4545
3104 3952
3589 4683
1288 3044
2059 3304
895 1634
1637 2199
3924 4550
168 4080
2514 2841
98 1466
1167 2125
2195 4892
1447 2364
53 4008
2231 3008
234 1606
608 1293
908 3332
167 2214
2495 4534
142 3932
1025 3351
2261 4923
2586 3075
583 4090
1869 3827
215 1862
3876 4288
4359 4903
414 3130
3251 3501
608 872
3367 4904
2046 2959
4030 4231
3520 3696
2661 4554
3266 3798
1733 3327
3050 4129
553 3335
1241 4495
1005 4081
794 3887
284 1943
1515 4970
1191 1915
513 869
4214 4825
613 2686
1339 2907
723 3009
113 4246
752 3517
1443 3268
988 2434
1982 4397
2614 3611
673 3808
1172 4560
74 2661
142 1918
1947 2053
78 846
1419 2398
274 803
2632 3833
942 1029
761 4961
59 2106
2054 2348
212 439
579 3732
122 4635
2460 4944
4261 4670
1993 2082
4205 4885
260 1789
763 4705
1810 4888
2766 4978
2067 4789
1750 2586
2347 2698
2049 2984
2588 3746
3455 4217
2466 4189
1310 1477
1139 4827
2228 3297
3873 4655
368 3908
2505 2558
4059 4228
1166 2381
243 3710
343 1931
1989 2417
522 4569
863 2452
62 1907
75 3410
2812 3585
1627 3004
566 2348
1614 2840
3251 3320
504 1871
1748 3382
1371 2056
3549 4374
1435 2387
503 4963
2853 4636
379 4493
1269 1861
4362 4641
699 2535
1484 3731
1599 4392
59 981
357 2832
1006 3154
2356 4388
317 3419
1051 3750
1589 4181
382 1164
924 2398
760 1046
780 1618
1464 3372
2095 4995
462 1389
2309 4292
2284 4682
550 2424
933 3104
1471 1960
1596 4827
2882 4773
3117 4841
50 464
1004 2654
1191 4008
1200 4182
2591 3813
379 1552
189 1235
1180 4126
2850 3151
759 2750
846 2508
1095 1225
1412 2515
1558 2374
2256 3504
54 2595
592 2633
3387 4933
1996 4087
989 3564
2419 4090
684 1411
2510 4926
3287 4085
1701 4823
671 3844
259 1933
1353 2885
4483 4984
1215 1475
143 3766
2291 4857
405 1664
385 1440
2145 4252
3812 4265
1489 1662
2687 4764
1181 4926
1050 2522
749 3303
3921 4200
858 2430
565 1314
1959 2635
2923 4949
1216 1778
650 2738
2944 4413
510 2014
2089 3934
1714 2921
2059 2765
366 1458
3242 3711
1345 1824
246 3806
849 4798
624 4096
832 2954
2152 4726
1761 3166
3402 4318
2130 3127
3614 4461
3958 4658
2400 2605
105 3905
1523 4901
1838 2376
1126 4091
2482 3672
1073 4632
2903 4230
1242 2575
1494 4701
158 3048
750 4738
741 2662
44 324
2392 4627
3196 4517
3533 4697
1030 3670
2264 3743
1053 4768
1623 2425
256 1458
2104 3912
3229 4851
539 2811
114 1417
3466 4451
196 789
334 3169
427 4123
2010 2224
12 365
1849 3417
413 2217
2214 2880
1047 1082
240 4805
2245 2256
1005 4125
989 4762
171 3210
2714 4955
3296 4712
244 3204
1685 3871
306 2245
2591 3476
1669 3684
1873 4181
1278 1776
2123 4935
52 753
1232 4706
923 3869
154 4676
1495 3031
1008 3551
3803 4859
2012 4159
4361 4668
144 1173
3274 3541
2165 4178
1943 4902
535 887
1758 3891
60 2950
1952 3583
1557 2916
3769 3913
1541 2847
1338 1533
2455 4299
475 1187
42 2993
3693 4396
564 1343
1462 1603
167 4267
2332 2794
1033 1314
1223 2525
916 2560
3313 3974
1232 1338
1222 3746
2014 4656
2935 3623
131 416
2197 4483
195 2480
2399 4694
3006 3910
1432 1596
2235 3455
2273 4985
3841 4335
1811 4457
1733 3486
3591 4464
425 525
759 3945
2853 2924
2107 2115
650 2110
1609 2418
3138 3828
1077 3039
266 2628
166 1255
4079 4093
2744 3832
665 2246
2776 4393
726 2662
1391 1668
93 4108
2690 2837
1395 1419
2195 3632
4192 4531
2257 3696
170 4681
3948 4222
722 1164
3307 3731
734 3777
694 3823
3044 4123
2412 2903
624 4881
1587 4547
56 2112
411 4987
2939 4900
2199 4230
148 3987
3523 4780
659 4418
996 2922
2555 4678
1375 1713
1087 4480
897 1466
3841 4833
2526 4160
1911 3127
21 129
2444 2910
1024 2368
1823 3551
4088 4931
1002 3263
3090 4478
1729 2395
1802 1874
1271 4587
994 1465
261 1165
889 3428
808 1788
2435 3066
605 1505
2027 4657
3202 3965
1010 1353
308 2746
1175 1192
780 2670
129 4897
1899 4748
2519 4835
1975 4392
2939 3296
831 4618
1031 1381
202 2888
539 3037
1305 2303
2371 4714
627 1358
2377 3376
2413 2874
1931 2117
799 3973
879 4333
2408 2883
1369 4834
715 3789
503 4030
808 2562
1807 4289
1933 4616
2862 4363
1787 2506
3101 4790
1314 3096
728 2741
327 4200
2464 4930
1849 2244
2072 2973
1708 4282
3576 3750
479 1304
2278 4784
1497 4686
1895 4453
127 3965
1517 4453
3133 3259
4065 4152
2257 2909
127 853
123 3217
1909 2788
890 4354
1949 2112
1347 4323
1978 2067
2560 4385
2107 2361
731 4166
132 821
673 1635
2087 2759
614 3635
3731 4435
536 3643
1764 2980
1543 2372
1334 4867
546 1416
3706 4950
168 502
713 3535
934 3106
1089 1092
775 3628
654 4948
2896 3823
141 4776
2502 3493
1469 3617
3168 3336
709 2232
418 2686
1234 4211
3420 3603
3950 4180
2864 4257
993 4911
3814 4453
496 1650
3181 4524
1498 4766
248 413
2387 4780
2960 4203
1228 3881
1343 4793
200 4944
3618 4432
158 4184
584 780
2092 3886
2221 4755
423 2423
835 3537
4165 4359
793 2458
1121 2148
663 4047
819 2855
559 2750
2928 3212
1807 2979
2151 3322
1913 3277
1717 2253
4167 4455
400 3841
434 1919
737 797
2481 4137
1406 4666
767 4626
1857 3764
180 2600
1126 2284
906 2409
186 1141
352 1363
499 3012
2035 3851
1677 3790
370 4627
2222 4183
194 2280
2944 4778
2891 3594
1173 4917
1892 2674
2551 4024
205 2753
701 2376
761 4483
3783 4944
4709 4921
2782 2973
376 3540
753 3788
2296 4063
1807 4052
3389 3795
3927 4735
1841 4829
2033 4330
3454 4916
2056 3241
930 1908
3370 4871
1299 1739
1626 4898
766 2603
1531 1756
981 1700
521 1366
1107 1425
317 1765
1387 3762
200 3801
1433 2802
818 2189
1591 1604
231 4459
3252 3675
1714 2993
690 1100
739 1875
681 705
3234 3616
2657 3996
872 1591
4398 4913
192 3965
887 3267
448 669
2019 3847
85 2470
97 1633
584 4274
4391 4474
1437 3219
2394 4205
72 1641
198 3676
2287 3519
2469 4733
1013 3531
949 1275
200 4837
399 1783
1677 4938
2706 3769
728 1533
1983 2087
286 2503
1341 2341
2405 3621
915 2731
244 1939
183 4670
1435 4081
384 4942
1081 3301
892 4363
4129 4921
690 2014
795 2643
899 2351
295 3167
1627 4418
667 4455
1635 1817
367 4162
2213 4736
352 2052
3629 4968
3886 4229
789 3501
1721 2203
1418 3741
1628 2610
28 1510
265 4564
595 845
180 4752
1068 2741
396 4077
3475 4075
3606 3812
3321 3651
1675 2451
510 2725
417 3530
182 344
660 4719
379 2298
2532 3361
2763 3441
1453 2428
94 4680
1304 1333
2114 4441
1317 3167
145 4946
954 1033
3364 4664
266 1594
1115 1604
1862 2287
1557 4358
796 1435
3538 4836
3196 4305
432 3703
3070 3087
1877 2024
2193 2790
628 4861
2279 4369
1159 4939
543 3114
4315 4861
1527 2456
317 4496
589 2711
787 1518
357 3272
3394 3660
3617 4946
173 3580
1728 4664
2700 3884
781 4449
4108 4343
537 2385
187 3157
1754 2610
1052 3370
1833 4350
1632 1811
1883 2157
2251 2690
714 2534
732 4637
1272 4048
2652 4555
548 2049
2344 3637
2369 2933
867 2755
1747 2804
1074 3894
1381 3610
2073 2472
3380 4943
2014 3558
2027 4621
3051 4100
51 1303
2931 4951
239 440
1571 4652
1308 2532
3320 3624
2163 2454
121 4051
653 2939
2604 3593
453 1610
2402 4094
457 4096
1023 2992
3142 3272
2618 3583
620 1431
401 1500
2026 3246
216 4458
1664 2438
315 509
3131 3790
3969 4553
3271 4769
1363 2863
639 1794
939 3044
1186 3952
668 4983
525 4058
2563 2768
3802 4197
662 2313
3820 4868
3649 3755
2546 3994
440 495
1517 3060
482 3545
2057 4092
320 977
821 4652
2340 3797
180 1101
1029 3633
238 4470
4005 4212
2781 3926
2940 3138
141 2537
528 4977
611 3729
247 4640
1484 1557
1266 2125
111 4321
1979 4691
540 3606
81 1522
2759 3262
1022 4705
1561 3986
1709 3138
1107 4389
1894 3632
3847 4270
3706 3736
1369 2139
346 4450
1517 4020
2312 4119
527 769
2168 2516
1297 4561
180 3027
1579 4079
1842 3019
3977 4214
1688 1975
2740 3161
1826 3777
3776 4143
1364 4933
1437 2871
203 3120
431 2016
157 1478
2619 3780
2817 3849
679 2098
286 4988
1411 4634
327 1702
931 1505
2541 3861
186 4870
3045 3172
950 1403
28 2613
770 4593
3180 4141
2534 2579
1651 1815
535 2728
891 3948
201 1824
303 2854
1160 4742
432 1941
837 3080
956 4307
1884 2922
3572 4033
872 1494
2 2667
1647 4865
833 2686
1446 2294
48 4300
279 912
1229 1669
1798 4229
690 809
3147 3280
16 40
1199 2705
2043 3758
1885 3040
421 3663
2053 4606
1897 3102
1344 4042
1564 4545
735 1206
2252 4948
2357 2977
152 1675
2525 4994
962 3214
604 1547
2311 4319
1139 3332
221 3325
2639 2883
3854 4169
1578 3967
4523 4963
2631 4370
2323 4232
4017 4170
2035 3780
508 1548
3256 4243
834 3220
1416 1694
274 2296
8 808
1967 3624
52 676
2244 2528
1434 3148
1589 2136
1789 4502
3382 3982
1431 2018
1223 1303
2557 2926
1521 2574
698 4715
1663 2454
291 4158
333 2718
1340 3362
3078 4058
2925 3062
3677 4528
4694 4849
1242 3756
211 4926
38 718
2107 3598
905 3252
1551 1808
783 1966
1458 1801
1205 3777
2903 3348
678 3708
558 3916
1088 1450
224 1762
982 1570
1238 1243
3700 4300
2644 3329
3047 3762
99 2837
2302 4154
656 1042
2545 2598
4586 4687
1022 1655
593 886
456 952
884 3847
227 1581
151 3393
2021 3709
1526 4885
2589 4299
905 1734
223 4676
567 3812
606 3818
1483 1783
194 2065
1255 2034
1399 2168
353 4127
287 954
2747 4611
605 2340
2330 3461
2071 3680
2505 3360
234 1505
1367 3235
929 3933
1537 2221
419 4833
1503 3022
264 2335
1358 4708
2742 3606
141 420
923 3132
1132 1259
4295 4669
908 2626
1622 3843
222 480
3520 3967
911 3508
855 2540
3789 4085
1732 2622
450 1870
2443 4552
3298 4381
2835 4036
1115 4805
1985 3245
1575 4073
931 954
311 2780
112 1328
575 4770
2254 2258
2621 4209
1747 4126
1088 3594
885 4454
236 3530
114 3814
1993 3451
2287 4484
2656 2914
3330 4994
1177 1603
2035 3356
2013 4068
2348 4151
3710 4608
353 3550
1671 3963
1023 1661
1197 2900
135 4451
3477 4931
2089 3145
574 3390
3235 4303
3550 3818
3013 4791
2668 2936
1373 4801
576 3760
2569 2983
2298 3817
267 3628
60 4089
1958 3413
1351 1964
3844 4350
2522 2816
4274 4391
2337 3552
864 3069
144 3600
344 4418
1954 4745
2649 2880
1720 4261
1408 4812
1993 4310
2318 3416
3763 4094
2231 4450
1675 4723
1682 4789
604 874
1754 2680
2260 4244
1389 1604
3 469
36 3396
855 3479
1774 4471
2078 3478
2062 4089
490 2595
1497 2682
2258 4632
676 3041
2042 2359
1704 2500
1442 3755
2151 4713
3170 4697
59 3302
1887 2852
628 3072
928 3305
3546 4318
3935 4258
3018 3152
936 2349
1875 1958
2586 3777
2507 4982
2967 4192
192 2174
2787 3205
2287 4650
3526 4850
2135 2356
1466 4023
1600 4333
3995 4470
4387 4635
1822 3932
3365 4908
686 2125
822 2110
1048 3131
1851 2979
2324 3013
945 4204
1023 3093
2525 3313
141 1573
4058 4787
622 1191
514 4753
3184 3965
1033 4337
3072 4507
4335 4960
281 4360
3653 4533
1153 4021
3670 4686
457 2436
2660 4132
1251 1906
183 1342
1374 2206
2069 3428
1975 4433
234 2392
700 3233
2093 2812
4204 4690
2413 4685
2994 3693
694 3037
1446 2405
1787 3200
2941 4853
1892 4043
1669 4308
1964 4773
979 4887
4351 4803
682 4677
1661 3008
3147 3682
1835 2680
3485 4284
1021 1153
2276 4692
1115 3830
167 4763
3712 4997
2220 2380
4058 4687
3582 4027
2487 2981
4681 4982
2122 4155
313 1377
1101 3932
1164 1535
795 2522
292 1697
252 3882
1139 3195
692 4929
3234 4420
1904 4940
1753 3444
1953 3326
900 1362
696 2389
2714 3574
1738 4824
3011 3554
1348 2085
948 2976
917 4226
800 4134
1388 2709
2212 4432
350 2145
965 3566
2254 3203
4776 4902
4442 4889
730 1624
3344 3443
3096 4335
2207 2452
2586 3622
2613 4909
2240 4869
1789 3880
1725 4380
842 3136
556 1245
273 3448
173 1452
1778 4282
4702 4914
1789 3134
1152 2993
2568 4872
1341 4987
517 1173
660 756
2549 3797
275 1592
3377 3865
3911 4673
4160 4589
2487 4812
2545 3631
1674 4477
561 4747
470 3889
2160 4290
1851 2569
1890 4721
1400 2169
344 3831
1092 2406
147 4419
1454 4598
1173 2989
1472 2583
2785 3578
1652 4131
1732 4445
753 1113
3511 3992
2908 4691
145 881
2676 4112
858 3825
1204 3499
875 4540
2169 4435
3032 3290
1375 2157
38 499
2305 3312
3584 4375
316 2836
81 4278
4645 4877
3844 4784
1550 3929
2533 2785
380 4548
3023 3074
861 2639
3487 3733
638 4605
3044 4999
1629 3743
132 4503
2053 4453
2417 3703
948 3293
1909 3427
1942 4416
2145 4169
3410 4331
1160 2165
3702 4342
2142 4119
3217 4234
405 1274
994 3567
1470 4594
378 2595
1282 4124
3455 4734
1631 3485
706 2837
350 767
3180 4303
1060 2277
3249 4766
1086 4323
1847 4737
72 1971
616 4405
616 4445
676 4386
3789 4468
211 2424
2117 2409
1878 4396
2662 3522
1301 3334
297 1560
2037 2222
2569 3732
2602 3927
2705 4944
1876 4324
944 3004
3901 4715
3624 4266
1143 3057
2386 2846
2608 2997
2291 2656
1056 4828
348 3982
3638 4114
1536 1951
3660 4185
110 3366
697 4218
408 4348
527 1649
1359 2399
556 1631
2947 3119
655 4936
461 2304
1945 2614
1362 2835
970 4799
452 2160
223 2210
1940 4589
1731 2951
1928 4588
1008 1629
326 2292
874 3859
1672 3465
1882 4928
2990 3577
1416 4970
920 2609
2981 3750
2846 3259
451 1833
2887 3621
201 839
272 462
787 3377
2522 3288
2338 2896
2387 2445
2558 2729
3382 3733
710 1797
4212 4332
2382 3965
1243 4076
115 4061
2231 4981
2657 2772
186 4625
1307 3381
2959 3048
1192 4235
4204 4757
995 1064
694 2652
3596 3877
188 3274
130 1466
1041 4908
809 1625
536 2455
1326 1433
188 2030
651 2441
980 3261
689 4776
615 3920
349 3410
917 2280
1216 4172
2110 4970
3671 4851
167 478
922 3182
576 2041
648 1816
54 4213
1037 1287
1434 2834
187 2567
4783 4995
2616 3804
9 2923
164 1017
3855 4572
1834 4027
295 4923
2404 4472
3136 3423
692 2216
1655 3927
623 4136
1730 4158
684 2005
1765 3154
4722 4735
741 3648
1920 2349
520 1240
314 4872
3412 4840
2067 2282
3094 4379
2575 4968
2693 4321
783 1130
2345 3548
3296 3997
1730 4143
1858 4862
1171 4162
1123 3801
628 2619
891 4096
1192 4132
2851 3393
221 4635
1586 3429
359 2566
793 969
3805 4536
223 2668
533 3092
2908 4360
119 718
3213 4835
2492 4544
3353 4241
1592 1941
1013 3983
2182 4332
1098 3300
589 3308
680 4820
3048 4714
4577 4697
2461 3445
4228 4923
2008 3740
202 3195
2579 4624
1415 2463
1227 3853
3388 4435
1291 3059
3471 4767
132 3737
2054 3375
3202 3807
4559 4983
2779 3019
1016 2157
1060 4391
1813 2305
2609 2624
2170 3543
413 3608
1279 3253
1337 2953
2530 4778
3147 3966
967 4965
1090 2731
1586 2831
544 2564
1332 1745
507 2255
3503 4204
450 759
74 1761
391 4506
127 1531
2711 4954
1750 2644
526 2403
1725 4340
1108 1122
849 1516
3003 3894
1891 4590
468 3441
379 4304
564 1942
2656 3777
1793 2489
1879 4704
775 1181
2001 4604
3211 3340
934 3993
4605 4616
1276 4621
2210 4669
2217 3204
969 3341
316 2582
52 3252
2870 4530
217 3090
1336 2540
1740 3474
3895 4229
946 3456
2496 3561
2602 3367
1333 1341
907 1219
229 1163
3333 3405
3311 4362
1519 4662
361 3636
1525 1855
3069 3103
1435 3822
1 1988
3916 4759
2399 4893
3076 3163
3232 3380
1460 2399
3589 4147
1846 2879
2585 3392
3373 4117
2906 4169
2875 2977
815 2469
2173 4759
1901 2932
3953 4694
3867 4144
4078 4391
880 3454
4204 4214
788 3361
738 2900
624 1786
446 3063
134 1102
709 2164
956 3230
2740 3646
8 1004
22 3250
949 1560
1424 2088
3222 4393
427 709
2322 3041
2630 3176
176 1237
1177 4563
21 1197
402 2844
2233 3384
1627 3873
1320 4475
2476 2590
2431 4002
3022 4834
3173 4264
706 3999
730 2445
1658 2050
369 1955
4724 4870
3152 4039
684 3136
1222 1552
3665 4257
1852 2138
4014 4147
1487 4990
331 1526
3830 4194
3123 3383
545 4637
1141 4014
2140 4361
1303 3634
1363 3833
447 1258
3037 4983
2012 3513
1193 1626
2198 4594
182 407
2418 4481
2733 4930
2898 3746
71 2158
2542 3121
1587 4906
3267 4887
1645 3940
1246 3984
1405 1680
2108 4216
2078 4904
51 799
1881 2134
1424 4014
184 859
1582 4822
3287 4473
1092 3853
1527 4025
86 1493
88 1670
2690 4273
285 1056
1965 2135
1824 4472
1432 1610
2831 3259
19 973
2691 3468
1695 3243
7 1705
3119 3169
197 1852
2193 3009
1192 4185
29 1247
4212 4447
1726 2018
1398 2899
887 4263
4047 4824
2726 3302
2237 3040
1446 2062
2163 3588
2621 4121
2348 3174
231 2554
1555 3944
821 1504
1748 2483
999 3494
3300 4807
4845 4997
162 3750
682 2747
655 1328
1011 2453
4310 4929
3354 3866
1868 4728
1260 4809
1201 3650
1297 1902
1058 1458
1114 3385
1216 2893
2023 3604
404 4920
2516 4360
2562 3926
880 3802
2212 4232
2750 3885
2168 4976
532 3252
945 4955
306 842
1137 2583
27 2917
560 4175
1553 1559
1967 3397
3731 4897
1787 2102
1258 1802
2366 3546
2797 4898
1864 2599
1946 4701
1336 4889
559 3098
904 4528
2865 3774
3945 4853
276 2822
574 2128
2504 4609
1997 4941
2254 4485
2175 4315
1576 4338
1876 3371
3147 3437
1389 4972
3185 3556
310 1917
3956 4198
644 3684
2988 3511
3855 4996
2074 2132
2155 4140
1460 3492
147 3107
3128 3919
618 4925
1522 2961
3470 3923
1553 1982
2400 4827
2421 4191
1657 4737
3510 3817
1967 2321
597 4738
720 1596
2560 3485
2630 4595
2287 2612
10 1147
1979 4164
485 1024
2211 4109
1500 4561
1385 2001
1650 2553
344 1416
322 2702
2050 2643
1894 3947
1313 3978
613 696
319 4061
835 1410
4615 4965
1690 3190
693 3024
1012 1450
273 1275
2526 3255
3619 4590
1340 2074
1796 3074
458 4563
145 4809
89 1731
1923 3564
2288 3791
1577 3774
57 1625
989 2067
1887 4166
2345 3628
1071 1555
4379 4640
747 3735
3029 3537
2030 2453
2048 3907
1627 2502
3978 4696
96 2201
329 3655
866 3585
498 1511
3519 3851
157 4816
4083 4873
1406 2404
2965 3018
853 1825
195 2106
437 1466
498 1379
86 4864
1668 1883
1214 3111
1639 3384
3277 3685
1062 2307
2309 4538
857 1275
745 3440
4795 4861
231 2411
1734 2970
1198 1821
3349 3987
2146 4510
1841 2187
1049 3546
3006 4386
1290 2932
1485 3258
1105 4404
895 3490
278 3904
1264 4564
965 4515
1221 4561
249 4532
855 2427
527 2357
1963 3813
3045 3511
672 1487
723 4843
1209 1340
1750 2186
127 561
1184 4128
1880 2458
2472 4062
3939 4544
330 3393
943 2358
647 3582
851 4937
2444 2718
1146 1621
3557 3696
1953 3314
2690 4755
1707 2566
74 980
278 2473
2574 4742
640 4866
2041 3724
449 1900
3505 4246
1614 3188
42 2194
824 4711
2022 3566
2406 3129
1862 4481
119 435
444 2416
1392 2212
2542 4789
4094 4698
1803 3145
1192 4323
1095 3650
3 3098
1068 3526
1834 3945
945 2345
1406 2491
77 306
3472 4673
89 2431
1656 3384
2636 3876
66 2076
101 1788
56 3907
3403 4250
586 4104
2258 3630
813 1124
788 4558
2701 4991
2665 3835
2284 3935
2021 3357
3263 3638
684 746
281 2794
4040 4773
3166 4827
1334 3193
2160 3788
462 1567
1139 2308
118 433
2364 2754
248 4779
761 1327
799 2958
930 1819
3947 4218
3901 4701
2457 4231
2175 3578
4321 4377
3768 4533
272 4211
353 3328
1842 4314
3652 4537
1054 3348
1232 3603
868 874
1346 2934
3324 4027
269 4073
1465 2508
1496 3528
971 3815
2380 4872
573 1401
2057 3615
2165 2576
795 1394
1240 4379
1043 4236
1101 4459
737 991
1529 3743
273 2984
4400 4880
1911 3095
346 719
2398 2654
3109 4665
182 1116
1458 2240
4856 4946
2203 2838
808 1963
983 4337
1458 1775
3235 4335
2170 3574
782 1601
1721 4411
2036 2584
804 1736
140 1519
3145 3550
1123 4593
816 4080
1148 4657
2348 3322
873 3535
240 2911
1777 2114
169 3200
2993 4325
626 4745
2324 4472
1321 4940
2073 4335
1887 4144
784 1292
499 4608
1921 4491
2090 3262
228 3568
1479 2996
1232 2368
1845 4022
605 2769
767 3995
1323 1494
509 3297
1458 3925
1738 3973
1735 2783
576 3392
805 1063
886 2654
1125 3675
781 1874
796 4951
808 4822
662 2063
1380 4248
2701 3670
4213 4457
1707 1946
805 2639
474 3796
751 3894
4056 4985
1659 1889
1862 3366
4236 4818
1290 2464
837 1739
3220 4290
312 4148
634 4048
2557 3132
752 2369
1266 1972
78 3176
1145 3192
3474 4385
734 2686
3385 4851
996 1496
279 804
1346 3384
44 2571
2725 3402
1890 4360
139 459
2710 3973
3270 4813
1947 3658
238 2885
379 4780
172 1493
3645 4913
1037 3021
146 2237
1296 3033
584 876
396 4408
682 4652
1467 2512
226 1318
1154 2790
2641 4170
2105 2167
1291 2801
1888 4518
874 3078
1955 4222
53 3338
1256 2127
2111 2168
1514 3233
479 2859
229 4729
4190 4333
1698 2655
1510 3031
1724 2013
1631 1646
2273 2318
408 627
2496 3947
4629 4922
991 2482
262 3379
2012 3089
316 4027
1158 1534
2898 3748
1597 2910
1046 3676
3321 4438
2955 4509
3710 3941
937 2547
731 3032
192 2898
3471 4011
2821 3204
3059 4887
1280 3242
148 389
1729 3943
594 2890
1632 4175
4381 4515
612 3904
928 3495
3989 4689
917 3496
202 2563
133 2505
1416 1945
448 2476
1010 1791
614 3586
1012 2692
617 4934
3211 4388
1223 1670
287 1769
117 4260
3274 4095
358 1285
992 2953
3701 4812
356 489
2469 3565
668 1864
935 3841
318 3940
2700 4851
4333 4494
1315 2762
3686 4990
508 2036
448 1072
3259 3511
484 666
628 3427
86 4529
2018 4242
874 4913
4222 4668
266 4535
151 460
2503 3189
1239 2768
341 2068
876 3726
547 3385
373 3353
2129 4918
465 3872
646 718
3763 4151
1790 4843
2977 3468
281 3643
5 863
4110 4929
102 4607
3346 4069
3498 4658
884 1812
3250 3734
79 3738
3099 4213
2792 4613
2565 4702
713 2135
3603 3667
1174 1932
2177 4080
2853 4179
1045 3773
87 2582
931 1365
136 3386
2870 3048
4825 4899
609 2029
2382 3833
2773 4259
220 2104
367 2600
1239 1983
149 3096
448 3005
633 2012
102 692
3522 4944
173 4140
1830 3487
1815 3495
1987 2671
428 1990
442 3032
154 1127
2415 4566
1381 4634
1172 2845
120 4373
1576 1670
1413 2661
732 4562
1326 3548
682 3617
2378 2567
3643 3931
1459 3260
1908 2926
892 3482
3180 4548
685 4693
1953 2509
1968 3543
1718 3428
357 2125
4201 4958
1571 2014
3104 3747
3432 4287
2203 2636
2302 3141
989 4855
796 4114
924 1561
1145 1960
457 4269
2606 4393
384 759
59 93
2212 2504
826 4375
3629 4590
2460 4661
790 2261
265 3603
1297 4911
815 2652
216 2703
217 3286
2083 3379
2482 3736
4790 4876
2772 4097
3073 4311
188 2642
3890 4245
3887 4578
2804 4858
2753 3013
928 3639
1724 3353
1343 3777
2203 4603
838 4115
460 989
4258 4286
592 3759
4202 4476
3093 4380
1514 3759
2467 4807
997 1722
1190 1268
984 1132
390 3225
239 2877
2176 2495
826 1584
767 3635
3130 3336
2608 4929
955 2582
1650 4000
3402 4414
1804 4095
342 2666
2807 4218
2249 4001
3199 3834
660 1132
2520 4017
841 2939
1342 3572
3394 4826
596 3831
1133 1915
4374 4425
2145 3384
198 1596
2418 4915
1638 3729
2205 4716
32 2241
1423 1929
1948 3316
808 2392
1331 2642
1761 4976
625 3689
2335 3975
1270 2797
280 3823
685 2309
3178 4661
2534 2770
522 2787
3283 3387
432 2325
3347 4345
1331 4481
2389 3190
1347 3216
1560 1748
3480 4332
1543 2864
2721 4012
2207 3363
286 4536
3770 3779
612 1392
1154 3539
1094 3971
944 3019
1188 4237
586 4521
3695 4957
408 543
4136 4910
3398 3440
1494 4186
2796 4103
2357 3555
2631 4838
505 4637
1130 4785
1612 3319
229 4254
3574 4332
1372 1569
2258 4696
2766 2957
966 4944
3802 4484
594 4844
4059 4343
3621 4296
1352 1385
541 2019
3241 4302
3072 4674
824 2109
2688 4890
332 2124
1680 2144
2585 3782
3518 4818
1010 4795
13 1261
433 716
1669 2908
2108 3758
92 2431
1681 1731
1311 3665
1876 2915
1432 2355
1852 3779
388 2987
53 4661
3540 3668
1046 4486
831 1668
2647 3107
477 3476
1514 4658
824 3779
1108 1188
2647 4674
642 1837
494 2835
3068 3316
1381 4541
1899 2768
3898 4897
1293 1507
2020 2717
308 3118
1185 1570
2254 4357
2128 3379
2359 4818
2208 4283
928 934
2881 3591
196 1661
1095 4797
3795 5000
3094 3097
2347 3114
1356 3050
1549 2187
1659 1958
2537 3972
57 782
1997 2592
2051 2251
1988 2850
4057 4680
4654 4657
4700 4709
969 1869
372 1983
1800 3545
4424 4946
417 1636
472 798
3798 3831
110 3337
2221 3033
1333 4656
3274 3722
1465 2990
2624 4606
1498 2987
1956 3132
3567 4315
3603 3791
1365 1653
58 432
54 4078
1354 4244
2733 3717
2297 3978
1296 3031
348 2125
3771 4676
558 4992
3460 4308
4137 4274
1346 2174
1749 3769
3988 4372
1931 3109
3049 3706
1185 3111
1571 3443
274 2520
1774 2854
3789 4447
1855 2873
1563 4810
8 1535
490 3007
1927 4291
1609 4296
78 4026
2038 4409
4367 4503
838 4014
2951 4196
3025 4072
3864 4358
2780 3386
1090 4273
2538 3127
344 4785
2461 3066
2892 4208
1624 4745
4101 4751
917 1646
2461 4698
294 686
604 2541
2511 3850
2351 2857
1878 2437
81 417
2895 4657
1016 4443
26 1502
1886 4123
1569 4271
3587 4831
1143 3042
52 4113
3398 4479
523 580
574 3072
1784 2340
111 204
190 3399
2953 4253
653 736
2485 4108
4041 4452
508 4527
1881 3062
2146 3781
1960 3614
135 3241
2234 4658
28 3236
298 2638
937 2549
107 2428
1149 2303
3406 3957
3040 4808
329 3470
2343 4220
2724 4862
569 3706
1520 2380
528 2737
1798 2380
4144 4684
734 3060
637 2667
228 1316
2323 4236
841 3588
291 1997
169 1757
4775 4825
1155 1534
828 2706
1910 4684
2123 4662
1930 4381
2098 4414
538 4770
1012 4688
2156 2501
4012 4243
374 2390
2851 3079
1855 2121
345 2470
119 2125
173 288
3376 4039
2692 3091
846 4217
1839 2269
1849 1866
1006 4468
879 1242
775 2500
3077 4596
3167 4511
1105 1314
1641 3393
372 4286
683 4420
2286 4097
1022 3284
2112 4561
1687 3810
3326 4108
220 4397
383 3482
1034 1982
293 1475
52 2960
1306 1367
2880 3332
2834 4884
3301 4954
26 897
1091 1604
421 3547
3577 4664
1388 4451
880 4483
1435 3789
540 1344
3911 4166
1228 2281
997 2713
1726 3385
946 1156
2886 3310
1339 3462
828 3593
476 2795
876 4699
685 1976
956 2939
953 4625
2707 3999
2260 2511
1088 2651
58 740
4807 4874
3523 3654
2543 2783
883 2076
3152 4474
1385 3934
39 951
3815 4926
1249 2654
2062 3236
387 682
714 2539
1365 2782
1267 2840
2516 2911
3859 4162
1298 2033
246 271
713 1339
208 652
3237 4058
4023 4697
2113 2320
5 2231
2034 4094
1834 2940
1943 3283
2476 4648
425 3863
2196 2227
899 955
2503 4709
601 2785
3027 3385
3676 4112
418 4203
1176 1903
254 2595
2632 2831
1245 1419
360 4752
3608 3780
20 1184
170 4593
1983 2925
962 4258
912 1453
87 584
1368 2305
1776 1829
1941 3745
979 4374
353 1270
1562 1864
1906 3312
491 4325
1721 4632
266 3837
3886 4405
1563 2346
2361 3653
3513 4114
4261 4791
2845 3017
2941 4585
147 1220
2754 4876
2887 4182
2395 2812
909 2906
987 1553
10 1148
142 1831
1877 4193
2535 3915
145 2437
428 4673
893 2405
3100 3849
1177 3286
489 1061
1127 3799
245 686
3488 4548
2359 2422
904 1363
356 1704
1684 4970
879 4480
3644 4983
758 4686
1131 4120
1580 2853
1954 3397
2359 2573
552 569
3511 4576
1109 3728
189 1713
3180 3798
145 4455
2337 3003
207 4140
2017 2784
2169 2805
604 2964
1726 2346
1385 2460
1477 4905
2772 4100
109 4043
1273 4261
1777 2544
2590 2660
3489 3578
1612 2857
3298 4866
3708 4696
766 4487
1865 3059
105 141
1026 4252
2357 2444
843 1259
1613 2465
61 2921
1998 4768
3104 3885
954 4899
3127 4961
1757 3038
2020 2097
1869 3646
814 2537
908 1375
2083 4753
753 2975
3331 4718
49 564
2402 3844
1348 3396
52 2963
1341 3750
2252 4093
966 2706
2764 3344
3283 3613
2726 2777
1331 4606
1176 2616
3158 3402
1341 3883
48 3145
2718 4545
1623 4472
768 2423
2218 3920
1810 3350
451 1242
1259 4851
1250 3817
533 3561
138 261
14 2460
3871 4406
1194 4052
819 4592
1033 4370
3685 4927
2848 3994
2493 3956
3804 3821
4295 4805
2297 3116
810 3268
2178 3399
952 1449
2133 3577
3123 3179
692 2183
2020 2961
3078 3156
35 2409
792 1022
1202 3022
4858 4862
2074 3094
2550 4659
1196 3730
3071 4312
1302 1585
203 605
591 925
2783 3302
2424 2882
832 3950
3616 4129
853 4063
490 4555
46 2732
1020 4040
2910 3602
4461 4986
1493 3795
1085 3243
199 708
1742 3146
1009 4310
152 1604
1216 2792
1443 3341
1900 4079
3409 4692
2686 4965
1561 2200
347 2088
694 4123
2319 2800
3502 3878
2342 2696
3015 3078
1310 1483
892 940
463 2205
1931 2728
1201 3498
4183 4960
2124 3933
1268 1767
1789 4116
1216 1568
1085 1894
3323 3906
252 909
434 1059
641 3899
222 1038
2539 4842
1223 4151
2594 3349
1063 2330
470 641
2708 4063
792 1887
4324 4882
1225 4008
3615 3972
2719 3459
278 3680
3020 3919
2375 4105
546 1723
2604 4317
875 1968
1340 4716
739 2844
181 4252
1309 4533
3544 4076
4737 4940
2653 3576
369 3580
1428 2299
1433 4523
2469 4334
76 4580
2883 3664
873 2894
3597 4596
1236 3998
190 1745
2022 2125
3493 4030
4206 4294
856 4160
534 4064
538 2574
3138 3885
1537 2384
3012 3966
1141 2059
2317 3434
677 4478
1137 3414
2355 4377
322 2947
511 1679
961 4248
1195 1474
4896 4963
3201 3741
2256 3964
340 3444
1209 1876
208 2068
678 1216
1283 2499
1912 4004
207 2803
1884 1908
723 4737
1168 2933
1896 4241
789 3739
684 1752
615 4083
3568 4227
468 2944
1287 1956
2898 2962
16 4746
883 2732
2992 3634
4238 4796
4192 4495
738 2042
3193 4521
734 3805
2355 4446
1769 3499
3472 4070
2044 4049
4573 4681
1087 3293
1000 1365
1141 2481
204 382
1495 2867
113 2434
961 2157
4913 4923
1449 2568
346 1583
660 4840
750 3492
1206 2955
3108 4779
4402 4899
892 1331
434 3775
726 4137
2985 4929
165 4525
1457 2763
1186 4503
432 540
2598 4043
3470 3524
861 4765
999 1663
765 3399
2203 4657
724 2070
241 1017
725 4439
768 2945
3949 4925
2634 4843
1856 3917
1194 1210
3617 3819
2838 3560
1759 4120
1438 4468
936 1613
451 3670
1464 4894
351 4903
1044 3216
1474 4970
2850 3747
1500 4616
41 3388
731 1470
650 4883
1690 1908
1893 3275
823 3793
4273 4975
300 2127
1716 4249
3364 4607
1958 2150
235 2866
2651 3083
2441 3494
2753 3362
1812 2788
4855 4902
777 4947
183 446
219 4335
1153 2616
633 1924
859 1328
757 3070
2871 4483
1308 2125
622 2073
2740 2897
2544 3839
759 2411
1963 1971
3388 4738
2892 3651
2697 3323
2379 4947
1654 4442
688 879
728 3645
1893 4195
1415 2277
254 1479
1342 2144
396 1676
1821 2377
2206 3513
672 4614
1329 2950
3000 4872
996 1294
2642 3411
265 404
2058 2951
2822 4431
3696 4074
844 984
174 460
2512 4529
1156 3589
1584 2269
2436 4665
364 1965
1352 1580
591 4261
1836 2942
172 416
1121 4992
1169 4215
793 898
1196 2696
830 1564
1760 2009
2659 4668
1362 1581
1010 3152
1196 4964
2032 4169
638 2493
365 4405
4493 4891
1460 4618
927 2479
1375 1865
357 3606
3697 4517
1381 4528
3485 3852
1530 2758
937 4131
4283 4648
2837 3641
3235 4676
1028 4379
1265 4384
2765 4137
2813 3170
3355 4453
2079 4315
2402 2840
2417 3702
1277 3805
138 2491
502 3806
273 2210
1321 4738
2651 3984
3283 3783
782 1346
1646 4183
240 3869
2610 2869
2770 4758
2771 4612
289 3230
1643 4396
1305 3418
2237 2721
1916 3733
149 612
3879 4320
3173 4523
3312 3417
819 1156
1359 1995
102 3068
1982 3272
1905 3966
4513 4674
820 1749
772 1576
557 634
1524 2112
2167 3477
1569 2278
1892 3724
2509 2535
797 4309
1368 3842
791 1441
1690 2385
4 2155
632 2838
131 4527
481 2408
1390 4143
765 2738
4312 4965
862 4024
2370 4047
191 2028
3068 4375
2 2121
3250 4447
2055 3584
1182 3990
148 203
2131 3600
1483 2699
3450 4429
406 1868
2842 3119
1829 3438
481 3261
3875 4633
521 1281
424 994
314 2821
1443 3418
926 2723
1292 2753
678 3184
880 4521
3448 4117
2616 2681
305 558
1731 4239
2453 4067
2557 3503
3682 4465
410 4528
1236 4329
93 2975
243 4281
1696 3440
3012 3884
1486 2786
1669 2667
408 3912
2610 3906
3277 4150
1626 4066
1697 2664
2094 4085
80 348
1688 3137
998 2151
2750 3317
3496 4934
1199 4088
541 1576
716 3736
640 4911
4088 4108
1941 2309
1014 2104
2516 3047
3204 3753
1536 3597
394 804
4243 4660
2253 2894
14 548
2782 2802
2063 3429
2995 4217
4010 4930
611 617
896 2977
1945 2526
1223 1698
3540 4557
1797 2621
813 1988
1810 4654
202 1320
2624 3766
1630 2509
1557 1706
3071 4850
95 3272
2517 2685
2957 4555
1359 2453
2358 4467
826 1267
354 1714
4546 4890
1940 2434
939 3497
3104 4445
767 1389
644 2098
92 3657
697 4967
1755 2726
2762 4669
1926 3164
1955 2924
480 4895
1152 4066
53 2102
2079 3601
52 351
3135 4937
2920 4549
2862 2983
1245 3957
3003 4988
674 3532
420 4200
424 4945
2951 4356
1177 2537
668 4906
2155 2366
1609 3749
1086 2006
2432 3720
818 1354
1606 2957
2211 2792
1907 4013
2491 2711
1340 1676
1749 3242
1448 1807
3317 3730
2137 3650
1254 3219
266 2985
1495 4891
1026 4100
25 1201
2125 3575
2543 4663
230 1226
317 4275
174 4703
3072 3304
1983 4300
2504 4870
626 2297
1681 2545
1355 4641
1708 2346
833 4143
2630 2667
1529 3690
868 4221
368 4612
844 3185
42 4111
1015 2636
3518 4013
2848 4505
618 2009
1070 4670
1064 4560
862 3130
801 4776
2740 4708
1457 3639
2865 4568
1412 4455
2921 3603
1653 3609
1374 4405
938 3514
1501 3240
1198 4637
690 4100
3506 3616
211 1099
1939 4561
1377 2414
846 4950
1789 3825
318 1492
763 4709
1544 2394
405 928
1024 2519
1126 1586
1277 2096
1113 2637
1591 4118
243 3959
1455 2971
2688 4349
2207 3159
2968 4676
1577 4041
2396 2494
358 3096
1164 2795
129 2395
3807 4594
2088 4804
3564 4889
1096 2590
1657 4867
2549 4049
1956 2242
493 1598
1454 1669
2723 4008
953 1822
2812 4860
465 590
2059 4996
306 972
1992 4369
167 1028
79 2209
587 3485
1982 4710
3121 4200
817 3502
1947 3492
1630 3573
4276 4943
4313 4456
1559 4570
1613 2782
748 2625
3858 4933
2056 4165
3391 4998
726 1869
1291 2080
3209 4412
512 4801
1574 4435
1667 4836
95 3275
2699 3681
3425 3824
485 4369
1463 4026
2396 3272
2505 3040
48 1553
1212 2059
2553 4588
1353 1715
3178 3859
184 4549
1430 3538
2144 2413
2150 2861
3513 3989
944 1269
3615 3874
2144 2644
514 4227
1956 2456
3084 3160
1175 4825
2104 2481
930 4835
3007 3669
106 4638
3517 3660
865 3475
123 1547
1232 1536
585 3937
345 983
968 3118
3820 4542
1334 4035
411 2035
2028 4047
2281 3221
2197 2360
1923 2048
394 4976
896 3436
799 3086
306 3032
385 3662
1202 1863
1622 4658
3568 4320
2827 3680
4142 4906
775 2637
1684 1944
1727 2889
1506 4477
923 2121
4055 4219
2678 3594
3404 3904
2736 4658
2548 2761
102 318
2527 4461
3376 4075
2008 3220
2891 4258
1991 3688
539 4915
1748 2671
542 3506
2509 2598
3291 3885
4347 4942
65 4319
170 3090
449 689
844 2165
206 309
1021 1056
265 4369
1805 1820
1987 4873
933 3578
2447 3517
1472 3779
737 3838
313 4374
356 881
620 3830
646 834
293 2740
973 1645
3204 3316
336 1508
1222 2715
634 4418
1584 2419
15 2248
3482 4811
1692 4776
1916 2538
277 610
2435 4176
2837 4345
337 3509
732 987
902 3983
1355 2601
3364 4656
1016 2953
3015 3323
2088 3298
1431 4968
1711 4727
524 2608
1111 1630
1557 2726
1033 4758
2295 3991
763 2843
42 865
1536 4538
3411 4108
2027 3992
3990 4603
4621 4885
334 937
903 4735
2947 4297
813 1864
2598 4970
2613 3797
499 948
2584 3123
2929 4832
2584 4411
3232 3282
389 1728
3698 4796
1906 3247
461 4040
2292 2562
2301 4743
2035 3838
466 804
2279 2938
2666 2946
409 3097
25 1387
225 1082
3981 4332
3278 4410
372 4893
988 1250
1172 2144
3624 4929
1383 3115
1050 3255
3167 4205
16 4826
1783 2239
134 2548
1185 3271
614 4488
348 4369
2049 3138
3431 4651
1241 3733
1609 4609
2060 2268
2770 4659
2016 3064
2694 3157
3045 3697
1687 3217
2597 4081
237 1728
1156 2585
974 4119
119 4987
1055 2954
1445 2879
690 1451
986 2661
2410 4074
2224 4064
2994 4384
4548 4823
330 896
2532 3933
613 4199
1663 2014
557 2006
3676 4766
2181 4936
1142 2862
683 4769
219 4887
3646 3970
1127 1955
3639 3658
2588 3967
1288 3256
2442 4544
2262 2847
894 4019
2438 4029
931 2563
596 1605
2833 4376
327 1035
994 4540
1103 2530
245 873
2938 4755
1301 4963
550 2609
4458 4790
2856 3022
585 1265
86 2225
557 4734
157 3820
149 2500
478 3191
3325 3973
448 2869
462 842
339 2134
764 3535
595 2817
3475 4213
1577 1665
3575 3670
2166 4745
1048 3153
1803 2576
3682 3709
1113 2452
1113 2197
320 1335
728 1001
4945 4969
24 4371
1732 2150
1470 1552
3319 4339
1078 4518
3234 3353
2921 4938
3252 3966
290 4898
3867 4248
909 4675
1180 4373
1208 1620
1646 2146
4183 4435
518 4374
1010 3087
4368 4630
3086 3323
303 630
1541 4026
689 1069
511 3018
120 4015
601 4386
3232 4485
1832 2328
3736 4384
4344 4397
2992 4811
262 4656
588 793
2971 3668
4119 4141
1885 2467
1526 3127
2559 3667
2789 3091
3579 3625
2703 3324
94 1948
2324 4299
2745 3814
1659 2874
1006 1428
2544 3780
955 3026
3066 3632
316 4741
499 3781
1917 4514
273 3931
1908 3262
3455 4942
1458 2586
672 1769
4161 4817
2184 3153
1317 4664
1935 3672
3041 4261
1400 2963
1487 2478
3543 3791
1423 3211
581 2273
840 4529
2329 4823
30 1473
182 3117
948 1576
2829 4994
2174 3977
2661 4395
1475 4676
2382 3746
272 2561
1014 3717
735 3001
3205 4221
1508 3598
1913 4033
2897 3536
1599 2260
2209 3970
2225 3311
349 3360
1511 2541
786 4173
388 3656
1271 4320
1349 3276
2891 3685
4922 4949
2221 3437
608 3681
678 3136
1047 1372
4671 4966
714 3046
298 2981
2821 4441
766 4095
23 761
176 4937
2090 3512
3959 4758
2603 3437
1715 2465
239 3060
31 422
3360 4510
1821 1921
2709 4859
770 4336
1800 3832
993 1858
4344 4384
932 2760
1300 2876
3457 3759
667 2388
602 2290
1973 4191
460 541
395 4289
3194 3270
208 2328
2131 2188
1555 4929
2378 4726
2401 4998
3215 3253
935 2933
3839 4938
2830 3105
2071 3819
810 3171
45 337
1047 2354
3423 4378
1786 2253
134 362
2290 4907
2691 4233
2766 3429
570 4152
711 4327
2564 3906
95 1484
2078 2646
2356 3609
339 4469
1323 3892
1851 4681
461 3617
885 1902
1251 2308
3713 4226
630 4577
82 1762
1776 2948
516 4133
2507 4491
829 1712
1890 3291
1847 3428
2173 3735
3065 3523
1789 3246
1407 2593
321 4740
1079 1897
2666 3000
222 4903
289 1924
955 2112
8 2785
2907 4640
2145 3582
1714 2087
453 2944
1633 2411
1682 2282
2758 3868
533 1370
2965 3802
898 4738
695 4385
3012 3364
1173 1446
185 1768
