5000 5000
4402 1905
4046 3178
3215 3431
1577 957
262 4011
3523 4175
3181 3336
696 2632
4090 1532
760 3760
3107 2100
4322 1722
2073 1622
1906 3060
4739 3872
57 2684
1029 457
88 1874
2635 2257
2408 2614
2620 3665
1358 2565
904 3963
4545 527
4671 1414
3687 919
1540 2619
2378 4850
4082 4064
3952 744
252 2423
2418 1487
3813 4071
3032 2704
4304 2953
965 3568
1869 910
3589 295
111 721
2368 507
2462 2295
1265 1882
3340 1951
3899 1992
390 2580
3135 1430
4245 2889
1042 1545
4849 422
681 2627
4495 206
2752 4778
435 2379
380 2925
1299 2272
689 3015
1650 4026
182 1281
2335 4849
839 4921
3982 3953
2765 1636
2407 3442
3697 4062
4297 2587
2171 2299
4965 3611
1715 2375
1583 3453
4304 3886
3486 2606
1837 3585
3002 1856
739 3550
3406 1133
560 3536
1191 2795
3930 1374
4677 1547
3517 2824
2008 618
753 2465
2532 35
1058 1277
4946 2777
4386 3453
3281 2677
2069 2822
4127 2915
2658 2064
2618 3504
2303 2788
3085 2949
1061 424
2884 3028
2731 4429
4654 3717
110 970
508 782
3009 3703
1561 1540
3568 3908
4608 669
751 4612
2163 4459
3101 4568
4219 1660
690 22
1570 1390
3433 2449
1172 213
1929 4351
2173 613
3385 1813
2988 2121
3880 1609
746 1957
1842 815
2374 3730
3538 34
4595 3337
3875 309
3380 1460
3856 4900
1110 4880
1286 2840
1343 1138
2891 1409
3322 3990
1772 4689
2464 2061
1810 1387
4411 1328
4367 4057
2579 3174
2578 3595
2409 3954
2586 1617
2153 1753
445 4298
2991 944
3506 3927
3539 4585
3692 4199
1243 2913
1172 645
1720 1205
1542 854
3271 583
1552 4567
1999 3467
4989 3855
280 3078
3603 2376
1717 279
464 746
2454 1913
189 468
44 4949
2693 2592
1839 3892
4094 4510
600 72
2286 4907
2976 1765
978 4791
3664 904
4208 636
2267 1945
2040 1537
4859 1785
1157 451
587 1759
4159 1829
544 706
4724 4603
3832 3772
1340 3366
337 2456
4125 3367
206 4883
1290 4045
689 1431
39 1075
2483 3385
2576 243
3379 108
828 2205
1727 1919
838 111
3177 3277
3847 330
387 2097
1698 1255
562 2285
3580 2265
746 2367
4762 3660
2151 3097
1933 651
1325 4562
4023 115
2682 1821
4875 4818
1723 3599
564 4461
4193 3843
2666 1282
2474 4799
3473 4087
1070 3178
1726 1762
2882 1092
3617 3369
4232 988
4035 1395
1451 3579
3124 3790
4938 3022
4607 2028
2136 3059
4625 3626
1204 2316
3335 3289
303 753
871 2608
72 4341
2596 4227
3614 1388
4194 2887
2820 3869
1615 641
2650 2095
3222 2904
4105 2565
3328 1802
1917 82
1650 2900
88 2276
1616 874
2816 4773
1706 1877
1775 4817
2381 3331
142 99
2126 1344
2900 2754
158 3768
619 2300
3010 1107
2856 3261
2902 1997
1410 4811
2098 3627
2290 2404
1408 3214
4106 3696
1364 4630
3020 3902
718 2221
1879 941
228 2598
884 3829
4849 2279
1357 1872
2727 65
2163 1452
4860 1589
3830 4608
168 2969
3611 948
2742 2426
1959 4069
2387 4667
2625 3581
1947 285
676 1633
4255 3194
3346 275
377 184
2673 151
2661 3889
1871 2108
3318 1886
135 3981
4395 1130
4724 1997
1710 4864
644 2420
160 1973
4744 2941
2263 478
1858 516
1318 4744
4753 1287
2150 375
1476 4196
2018 664
2723 40
1749 2030
3149 657
2052 3688
616 463
2498 3086
1578 4434
4473 1226
335 204
1996 789
976 4094
3710 785
569 2638
801 1493
788 4433
4604 3496
4743 256
2825 1302
2554 3852
3059 563
1712 1854
3300 457
4024 4684
1813 4804
976 4915
1681 1934
4265 1793
2049 1568
3211 2984
2249 4730
2688 3009
558 1011
2137 4375
2383 2199
4979 3174
1006 2673
1180 3226
4370 3923
1015 1163
1813 3229
4431 3279
700 3890
688 4866
4818 3474
71 4135
2645 2404
718 2870
1106 2861
1018 3134
1787 4542
1280 2961
2278 362
1197 4772
3977 332
4650 2346
2836 1111
165 1539
3620 1923
3428 2485
90 894
886 4077
2973 1909
2703 4861
905 3800
2281 4080
4283 2556
3128 2015
1848 4305
1308 2678
1344 963
1343 3475
1708 316
1722 21
1763 448
173 1845
1764 2086
4144 4445
2834 4166
126 873
3936 4352
1914 243
3954 3624
4366 3020
3427 3275
901 3356
567 1758
2627 3978
2874 668
1053 4685
2397 1570
3558 3899
826 4792
2573 2574
4881 1500
1093 403
2213 702
3198 4513
1886 2000
3800 2955
3319 2099
218 3550
31 2263
3603 2932
309 2967
3654 2325
3599 3636
2338 2834
4272 4919
2930 1455
2551 4373
3527 2185
2951 3595
4090 4890
4298 2268
2367 2315
1728 1714
2423 1649
4283 2982
924 1640
4369 1740
2326 201
490 463
4876 544
4964 42
2534 4513
873 2520
3479 161
2158 4033
1372 747
4354 2680
2105 2104
3309 1630
2650 1149
3935 4234
1282 165
2808 4338
411 207
2000 4732
2999 4649
3421 2330
4637 1194
3188 4938
3466 2644
2815 4210
4877 2085
1917 606
571 4325
3587 4550
513 3615
1712 240
4921 2749
1838 2166
543 3298
3992 703
1929 792
4065 4571
2431 3592
2278 2920
1329 449
3861 878
1354 4079
945 795
1804 2170
1927 4676
60 202
911 1118
1793 2937
663 996
2302 2781
2422 1321
3819 3010
1140 3127
4090 3608
149 1731
2796 720
4598 2311
772 3567
2688 3231
4508 3834
3059 4610
170 283
2964 1254
1647 4251
2976 3647
4992 2942
4601 2099
4342 838
3699 4639
3456 2801
2226 1996
3886 4543
2907 2946
2738 3123
3967 4852
3790 1506
3952 3697
2896 3961
3991 4611
2083 1415
1866 2316
4647 1300
3213 3963
3822 288
4559 2695
1328 1727
3391 547
4280 10
3931 1922
4072 2385
3896 2878
355 927
1973 3781
4666 4579
4933 1148
338 3006
2340 513
4261 2535
1804 991
1282 2218
3732 1186
3075 1424
674 4660
1836 2303
2709 4938
3474 2436
460 3056
388 921
1678 3978
3258 3429
1806 4933
392 4327
3051 4321
1854 2470
4092 976
3481 1895
1903 4031
304 4727
398 4470
2073 634
4114 1574
4695 4961
641 3568
3173 4123
4713 4538
685 2415
2034 386
3233 2733
1601 3333
65 4457
69 1403
4772 3763
4980 2065
3372 4219
3628 2875
584 320
461 2357
2392 3476
3106 579
438 4202
2965 4216
2826 2348
2491 2298
4946 4881
2262 4683
4017 4063
97 1783
4923 4888
3682 3227
3991 2972
2953 193
1256 2212
1953 4037
3489 179
412 3475
4121 1076
4110 655
4453 800
990 1760
2878 496
2492 2587
3652 4177
2897 841
643 1975
3640 530
19 2978
274 2245
184 3793
2652 3167
3415 1457
3519 462
1668 2756
3860 1741
2454 2415
4481 3656
2302 84
3978 3945
2326 3775
1971 3397
2393 2945
3418 1172
4682 1065
3500 335
2645 2061
794 1177
2681 4574
4845 4942
2666 2473
289 1448
950 334
1761 2806
2149 3932
2686 4860
3941 1151
3664 2368
2240 3175
3446 212
3877 2268
3597 3922
4850 1621
4262 898
2301 2119
2424 4640
583 3887
549 826
2311 930
2163 3062
4069 9
2426 4960
220 836
2415 1230
1442 1136
4782 899
858 4634
2652 3669
3582 1437
4983 442
2359 463
2139 552
2936 3853
3526 4889
2072 1371
4899 2836
4701 3348
1288 181
2710 78
656 3362
4160 1574
510 444
2711 1331
4129 70
467 179
3666 3839
3758 3340
439 1935
4023 597
2238 684
4134 4853
54 3691
3241 1794
4534 1058
4908 1448
1408 4061
4160 1064
4724 4160
3895 2566
623 3204
2627 1955
2185 2740
2717 749
1368 646
834 478
3147 2156
742 3649
2271 836
943 4356
2334 3073
2203 2920
674 1715
1758 1394
4519 966
2555 4915
4340 1356
3398 2326
4929 2435
4355 1101
3074 1964
4007 779
280 4371
3827 957
2682 4282
4963 2503
3748 3614
1713 3913
2024 1654
2512 2263
4188 1543
2657 855
1240 904
277 2842
1758 666
3007 2653
3954 3112
31 1423
4561 2464
3987 2751
3071 4417
4402 3596
3359 1291
2571 2354
3001 1694
1711 464
866 2455
1769 764
2248 1351
2303 4882
3314 3111
1565 1585
4631 1417
1402 2206
2993 4426
4142 3208
3908 4776
2050 2627
4393 4203
2801 2509
2711 1412
2988 1593
2020 4308
3296 1221
322 2869
1382 4727
2219 4297
39 4914
3848 598
502 2580
4941 4058
482 2467
532 20
4591 3892
1044 3088
4924 2198
355 1013
4490 2204
1352 2730
2729 2859
1863 1685
811 3213
3888 3341
2211 1488
2163 4773
4672 947
594 2705
3954 2280
2075 4045
3329 4976
331 2787
183 2064
3847 1852
870 420
3334 1384
4721 1713
1791 1231
4861 4326
1599 3996
361 3947
3677 4034
4796 1020
1318 661
4418 438
1685 3162
1501 1733
1697 2853
1371 4223
4103 3108
497 2513
1375 4369
4053 316
2066 3865
2979 2955
4736 1432
112 2194
3125 327
844 3858
1023 4160
2191 4768
4702 3145
4272 12
3738 1670
4769 407
1601 3530
4964 3022
1971 1360
4329 1050
173 1068
150 2256
2723 1676
410 4718
2029 1373
4830 920
635 1393
774 979
3643 2972
3225 1143
4738 4708
2524 1951
2813 530
4586 4086
1241 355
2861 1015
4153 1984
1178 3588
1174 4827
1022 1532
3412 4250
234 358
3671 1225
4065 223
4931 1634
61 2523
62 316
3138 1246
656 2084
3993 3931
2621 2917
1114 4409
4926 4275
1591 1104
4911 1708
909 2107
2327 381
663 665
588 1349
3551 2414
3855 3437
4145 4168
711 553
1600 4957
4772 2436
112 4378
3922 3950
3672 552
2975 587
449 2591
147 1682
3346 1890
2074 1039
1528 1793
2564 4631
4521 4169
3019 238
3785 1013
470 2670
3220 1005
81 1649
2682 2289
3972 1054
3790 3003
434 4076
3902 2590
835 3115
3562 2648
3557 323
472 3405
3098 1964
553 1786
3048 524
602 3253
4075 953
196 4940
1992 689
2200 2990
2561 4299
225 169
729 1693
680 4270
1629 590
4612 972
4190 4487
1901 579
4401 1764
3838 2630
4134 2015
3241 2699
4642 4414
3485 3072
1870 2528
1169 2629
2644 1413
1421 1258
955 4991
832 1092
3224 3186
2805 4836
787 2905
2671 598
4399 50
2114 294
3166 2701
3595 3199
1891 2620
2237 4400
1753 87
1614 794
4001 4442
2676 4861
1427 4805
4632 2876
594 2878
4233 1777
234 2262
4379 4724
2719 873
1528 1627
556 4485
1053 4471
638 4240
1953 3873
1567 2983
246 1185
2473 3833
4001 1139
60 3844
3350 3223
2952 446
622 854
1136 2654
4500 4161
2343 4476
3928 1272
541 54
3131 3855
287 2127
3894 4117
4624 1669
3143 1448
1973 1519
1498 2358
4552 4572
3350 3019
4035 2707
1944 298
1433 3807
412 2107
2298 570
3182 2753
311 3783
2934 4928
2031 2084
4905 4799
2241 872
1137 3050
1535 1362
1702 436
3909 567
3371 1864
3158 525
3916 4604
1757 3838
2628 2726
758 4361
1076 4246
2510 2097
660 2566
420 840
4182 1487
2651 4565
1807 1818
3331 239
1473 4189
3058 3337
127 1060
2056 3559
378 2828
3663 4697
1928 2834
809 695
4759 2927
1287 821
2956 4728
3676 2181
2887 1870
1412 1095
4211 3630
1950 4937
1454 1231
4892 1662
1847 4022
4726 3944
3723 1935
3379 1009
302 3497
1647 2911
4041 4221
1320 4529
4989 2625
519 3059
2487 2384
4991 1668
762 2302
4958 2949
3136 3149
304 2686
1239 96
3877 829
1793 3883
4258 287
45 1985
3976 701
932 667
2277 2372
4762 2867
3709 4846
4820 542
1168 4561
4235 1565
186 3972
854 2137
807 881
3874 3869
2364 1150
1223 4975
4863 929
936 4845
2698 3108
358 2843
2400 1521
2409 3110
2459 1289
325 2736
3365 4663
4484 2774
4894 1109
2172 18
2447 4744
4857 3834
615 3393
2121 2752
2001 1965
3000 277
975 2096
1493 2846
3375 3286
3498 468
1270 1695
4522 4623
4344 1979
2597 1613
4337 673
579 1524
2346 1235
4682 2312
4779 2246
1134 4858
4645 2748
2568 307
2295 2613
3219 2712
1282 4323
4832 1010
1209 4249
4395 2997
3869 2695
2748 569
2158 4946
2364 4145
3465 1171
1157 1924
103 1048
3968 4035
4132 1884
312 3116
3640 1378
1876 2885
3259 3721
2550 4229
1770 1147
3288 3786
1129 2748
3633 4604
4843 1027
2078 2245
2605 2764
499 907
1381 3195
1569 692
2780 1620
4739 3432
3762 2572
1293 1275
1463 2622
213 1754
2042 3576
2568 3133
3097 2926
1116 1890
2113 1751
207 2599
1617 4063
3245 4858
708 4125
4664 308
4014 3446
3166 944
3428 750
3932 196
4746 1683
4035 566
4269 4264
1087 4496
4296 135
3339 2673
2715 632
3491 4294
4434 3646
2481 1626
2131 2212
490 4939
2284 1653
4244 2104
270 3202
3835 4739
1888 2293
4670 317
4209 1501
3 4389
3390 2956
1939 3084
4196 940
1282 2611
1795 2811
500 1726
2878 4285
4833 4907
2169 3938
1055 1546
2511 3547
537 3703
2442 4121
401 3686
4474 3216
2143 1564
65 3507
2009 552
3742 327
4938 3315
2646 1530
1051 4895
3426 3970
4286 1433
2551 2217
312 2446
2763 2019
3855 2853
1930 1252
350 2691
3325 4326
3092 332
4387 4115
92 4938
2436 1325
3270 4223
3744 2293
4314 3396
2401 4741
175 845
1360 3277
1154 2005
1446 2141
2089 4068
1210 1413
3707 1670
749 2450
49 943
2219 2005
2094 3383
3011 4326
1796 200
41 4658
2817 65
4187 723
3356 951
3891 660
4100 3406
594 1220
420 727
610 2569
1068 4878
99 4267
1933 986
3375 1676
4566 3017
4594 1544
22 1122
1215 1308
212 4824
4772 3594
291 4848
961 1222
2293 1083
255 4019
4613 3510
2068 2406
1514 1171
240 4734
2653 810
4076 2498
4441 3090
1469 2543
647 2636
768 3952
3805 4434
4917 12
869 1532
369 2303
4134 3851
1455 913
4655 3312
2835 810
3855 893
2920 1221
1579 88
65 999
2784 2498
4140 1523
806 1614
4263 3533
2780 1932
2453 3741
79 4109
621 4259
536 1838
3625 3453
4365 3313
2047 272
360 2770
1811 1998
3866 2564
2386 3148
3827 4329
2139 3430
1313 1118
2550 4867
1155 2176
1240 2406
83 3550
933 14
4137 303
2818 3673
328 2691
2607 3406
4776 3573
293 1004
2850 3434
3737 4097
1721 4109
1958 964
2157 1190
3453 3444
368 3413
963 972
95 3180
2195 661
2634 1303
4419 2543
4237 190
1056 3408
4639 1081
845 4903
4372 4475
2963 1133
1049 464
1680 3469
2799 2914
2345 277
3281 2336
3055 1314
1911 4712
4870 3631
2419 2699
2099 2366
3932 3314
3679 88
1834 2623
4601 4492
4252 2923
2231 248
707 2586
1359 4407
1089 578
2798 2498
2683 4112
4841 1051
3047 312
2156 973
2525 1545
2737 2003
3040 3248
1158 3632
4776 1167
4125 4969
1937 1573
4962 1144
4593 3844
257 304
4529 963
4302 2093
1955 3817
2584 1997
4374 1576
3795 1592
4465 235
4425 3749
1126 4407
461 1853
2181 2222
2282 613
2896 2675
1203 3272
177 3048
2462 3403
1366 1326
282 1262
987 3767
4547 1243
3330 933
4351 790
4409 3553
4954 3221
3400 2746
1459 1267
3934 3830
2302 3176
4385 2812
2708 4862
702 1646
1866 884
4676 3366
1917 2006
4537 3455
1627 4638
2054 1624
2731 3592
2690 1680
2358 2413
4827 3949
4506 2766
3713 2733
2501 492
1769 1351
2188 3475
4977 970
1084 20
854 817
4136 144
1497 3152
4042 3983
3553 1467
3568 3334
1343 2589
317 1516
1503 4476
3588 2740
1672 779
3932 2099
329 4008
2347 2278
1248 4988
1237 520
2998 3628
4661 1401
1421 4225
1304 46
1581 2135
3508 2139
2710 833
4152 4341
1408 4092
2789 2906
1075 370
2336 4570
1345 4297
3767 2373
1077 3968
3658 310
368 1869
3102 1988
1014 2732
1920 2488
2630 3446
4663 4773
3513 2696
2079 2147
2761 1897
1650 1367
4588 112
77 214
2458 1614
2853 4689
2340 4932
1964 2100
1674 3840
3403 3488
767 4036
1449 551
4817 4274
981 2528
3138 685
3817 2026
3821 2765
3227 4629
4179 3909
1697 449
379 4802
568 762
1242 61
1041 1489
2751 1238
2920 4755
3841 914
4815 4438
4730 754
4345 4987
3995 284
2235 3696
2624 2922
4254 2514
3243 1606
4815 1808
3964 2819
2661 2823
4334 3260
1677 1663
4900 1027
2775 2247
625 211
1265 3539
1914 4015
1640 4904
2005 4280
4561 4009
3581 1805
1358 2778
752 4739
2769 605
2668 4331
2742 4090
1227 1147
1446 663
2147 3493
812 2474
2038 1845
2124 4535
1952 4226
3981 775
1265 3146
4031 2185
2711 4559
2783 3808
199 2304
2386 521
4936 2844
4744 397
4887 2231
2706 2759
1550 1417
2838 2251
1624 685
1721 1978
1651 3575
1446 4821
3017 3753
3327 2908
629 66
3903 1888
3603 1345
1758 4687
3748 4829
692 2872
67 3119
1647 3936
2468 2395
3394 4410
3384 4941
4032 3774
1889 2755
1349 1266
3308 4578
2369 487
728 1038
3058 2448
644 1221
1249 1700
1120 1014
3038 4373
1518 4966
943 2957
1569 716
1780 3630
3201 4186
4528 4804
2297 1234
671 4369
4919 4280
4334 1446
1244 4509
1814 1535
403 4109
1795 4109
4798 1952
1470 3617
3027 1165
1894 2723
3935 2508
2524 3118
888 3664
854 3963
182 1540
1916 591
1717 1083
1801 2592
3463 3578
2036 3536
4482 873
4069 3753
2070 4663
3182 352
171 1405
1801 4293
2463 4733
2186 2641
1908 2977
1562 1540
4528 584
4219 1819
2554 2806
2044 1628
1928 487
1355 210
1965 2167
3997 2186
4247 98
2406 2862
2594 2121
4648 4895
3200 4379
3457 907
150 2862
4923 1643
2174 4169
1883 1432
3316 1085
4254 207
4894 2482
1413 2365
165 4268
3203 4850
170 1998
144 603
1187 4206
1844 2143
3461 2809
1902 2053
3349 1477
3105 655
194 1579
599 3157
2664 2874
583 4204
4583 3318
2361 3052
2731 3129
4933 4125
3029 2225
80 729
3358 2618
4334 271
2690 4534
2488 2040
2743 3647
4223 637
607 2920
2582 2318
139 3447
4402 4117
3013 1303
2183 2188
4165 1691
4240 1187
603 2603
4073 3853
4743 1284
4548 1609
1628 860
2788 3474
304 2814
4690 2461
1125 486
4341 3492
4443 4333
2802 1795
2638 3768
761 924
3041 202
1368 4788
4093 1181
1156 1549
4042 1656
316 3186
448 816
3328 4049
1919 4348
4422 2060
3927 3005
1714 86
1244 3737
4957 2861
850 2495
3962 4819
203 540
3966 3318
2356 1727
3160 3367
266 1186
808 4824
3385 152
4288 797
1196 4923
787 4900
2819 4160
1930 92
4450 4777
3513 4416
4765 1227
4191 164
1823 3203
2220 1964
1935 4662
1835 346
1944 1084
4136 3690
936 1297
2158 1309
1530 3856
352 3340
3637 3439
4015 1124
4856 1973
3226 2409
4868 1469
1075 4077
3986 1173
111 212
2701 3724
3993 3331
2735 2557
339 2494
4070 3044
4403 4024
3444 2313
3545 1514
3246 3844
3025 4274
4663 3463
3462 3671
4314 410
1775 70
295 1623
2937 1185
3265 4773
2910 4169
3991 4374
4826 1694
3389 4369
360 3257
3186 443
810 326
4975 1256
157 2528
4512 689
4915 1464
621 3480
2142 1546
3087 2481
4799 2219
1010 2097
1896 1276
1051 3423
4716 2900
1858 3091
1447 1365
4247 912
1421 810
3801 1917
1363 35
1282 4883
785 2032
1688 3288
4920 4821
930 995
2941 473
2322 565
827 325
309 1954
2656 3353
4215 2744
3373 1898
2082 839
4821 1743
4661 3472
4973 242
4639 1206
3735 931
1949 4665
4701 329
2398 4066
4996 4167
3301 2139
2850 1925
2045 4132
1392 3855
4618 2981
4714 290
1592 4883
1813 2013
815 2188
676 2217
3657 2423
163 164
3399 1557
4906 3452
2660 1339
659 2121
1440 1416
4693 1935
854 575
3828 1019
2406 4337
552 2151
972 3736
4563 4826
4319 465
2862 2585
660 3210
1532 756
488 3721
4497 3799
1240 4711
2674 2592
2155 3244
3621 968
4281 245
3076 780
1576 4966
3511 723
3143 3460
2956 2683
2473 4160
4177 3452
4054 3527
3127 1349
4884 4303
3648 2762
13 791
3164 2306
2862 662
741 873
823 1067
3590 1109
3855 1004
140 4010
2140 347
285 105
353 32
1527 1470
4107 2714
2842 3739
1409 3193
4646 3340
2849 3341
3414 4289
4148 493
4363 2544
3149 2305
955 4762
3030 4469
1630 2143
3556 3648
3563 228
2648 237
1422 4454
2862 581
4744 4150
4841 2958
4795 1797
278 706
296 4892
3759 1875
4685 1078
3955 1813
4182 155
1605 2683
4849 2071
4530 1213
2817 4178
4364 3017
2237 2304
1565 4284
2185 355
1463 453
3225 448
2877 355
712 3430
1865 4961
2790 1170
2169 2486
911 3289
3494 4809
4745 2713
1112 2155
1387 3743
3257 4182
685 2411
1699 1777
1445 3341
187 1907
2669 162
3359 3502
784 3166
4472 2959
2522 1106
2510 709
2069 4902
756 4196
1365 2114
2223 180
2343 2506
2327 4719
60 290
1640 357
3357 4988
1085 4719
4864 726
2959 3555
2232 4750
1811 3798
1102 559
4884 972
2317 358
1076 3119
1431 3533
3955 4361
4119 2691
2255 1505
2951 269
3022 3772
1608 3701
1655 4742
1788 4132
1501 728
3022 4557
2314 665
2551 1043
2545 2467
4677 2690
844 4411
268 3443
2759 4290
4635 4069
1107 3263
3073 4349
3913 3917
4784 1796
1679 3484
4564 1532
3170 2312
1164 2603
4611 4573
29 1942
91 3677
31 1339
1788 3068
2183 2980
2386 3688
1574 3595
803 332
3574 1878
3715 711
4871 754
296 4004
117 685
3737 2898
4188 4082
715 2411
738 2090
1228 4146
2682 4631
2364 2852
824 889
1821 1003
2747 3084
2268 4663
3070 4851
868 3877
367 4716
2892 1990
324 4429
583 3403
264 4688
855 54
3754 4511
1588 2233
3402 4665
102 2989
886 3857
4289 413
925 1873
4502 3042
4833 1586
2729 459
2195 3287
1136 286
332 1619
226 4406
4595 2197
3942 160
1904 3927
787 33
2406 90
864 3600
4407 1512
3453 2950
1325 1162
2217 1865
4984 4814
3264 2014
3608 222
28 4539
904 2952
4281 654
2004 3301
248 4810
1318 132
1514 2562
3487 4825
257 4224
1063 601
4404 4828
3505 2722
112 4135
4584 2359
1135 3893
1229 3229
4517 315
3159 3337
1455 423
2013 4673
3511 918
4772 3662
2805 699
703 2495
656 972
562 356
1456 2870
3345 305
2519 2800
4946 3677
226 4976
4135 573
891 2602
1348 4902
3487 3830
950 3016
2842 936
4020 3570
3189 1022
1666 2800
4120 3865
1968 316
2457 2044
3017 2134
1413 4107
3986 3231
2380 4407
517 4822
743 4378
4852 3510
1082 530
1369 1192
438 494
3840 1773
1692 4506
4821 780
3235 2553
4868 4861
3865 685
2796 4069
319 18
330 1360
4191 4314
2137 3361
1525 4559
4925 4691
1360 3363
3862 1122
716 454
3504 1826
1963 4776
109 1354
968 3057
1871 4803
1898 2625
2724 2519
2615 2872
3393 4824
1514 432
539 4130
276 1778
1360 3202
3231 3322
354 4292
2340 4555
4652 2764
3475 985
3520 2087
4335 380
1000 2025
481 4351
4369 280
3879 4592
4875 177
1468 1126
4492 952
3632 2971
3116 2962
1257 1639
2353 3230
2005 3281
1504 718
1989 3892
1769 1217
4437 894
4315 4028
4376 26
3736 4722
2003 4994
1110 536
3031 4388
3760 3849
1289 800
3855 824
4897 4265
2522 4951
2332 4837
2587 4045
2886 3340
4886 1502
4949 3881
3139 1287
2939 904
3387 3815
2682 4480
1363 2887
3086 1205
4511 4743
2842 267
4804 3693
1654 230
3186 2317
4270 2931
2 4450
4052 2323
4165 2394
1391 3356
1564 4291
1914 3004
3222 428
2718 1724
839 1427
4240 481
998 3771
2405 3798
3513 2759
2983 1700
3904 1233
564 1289
501 1059
646 3636
1315 4383
2794 1442
2091 4287
3927 1262
4750 3617
4668 3000
3944 4514
4511 480
3401 4230
2364 3459
3517 3301
2720 1155
1849 4639
3774 3920
1804 3823
3289 1689
583 4522
2331 602
1965 150
4282 3490
2531 536
4381 336
2760 2183
2512 1152
3416 904
4528 1033
3436 10
2511 2575
418 3503
3049 1473
4427 4945
3825 516
2325 1250
2451 4369
4094 735
1109 1622
657 3498
1632 90
450 2489
2530 4858
285 127
4577 3877
4628 1280
1062 3505
3438 2904
672 46
2586 3700
1178 3868
1870 2930
1330 4532
2209 4824
3509 4727
1902 4994
1123 2194
745 1020
2484 3235
1696 357
4413 116
4531 381
1390 3295
4939 130
2158 3537
3485 1443
3816 115
2828 4076
4353 1955
821 1107
4978 461
3188 2593
4654 3708
4081 4382
1061 2511
2453 3303
2538 2924
4748 1665
2407 509
4190 4283
1172 905
1273 4465
4382 4300
3096 4317
3880 4407
2459 335
3099 4030
4354 1662
437 3032
1929 2298
1035 212
1861 4123
877 1282
1296 1857
4525 1031
3612 4744
818 3721
3163 4040
2123 2309
1659 2756
345 1618
3522 584
2237 15
2013 1710
1752 4410
1501 4712
1212 4157
3897 249
498 2015
3668 4102
3180 716
3901 667
3731 539
1202 2638
3102 4201
576 744
4474 2936
3624 4866
249 4156
2861 2500
3697 3918
1214 2653
3381 4656
2693 440
1274 934
3906 1145
3174 2704
777 2192
1649 3113
3554 1538
2694 2160
462 1711
2296 1865
4811 1199
2226 2443
979 1939
1611 3137
2298 3680
904 228
4520 1336
254 1739
3637 3494
2278 1560
3695 301
1997 1083
3782 2471
2702 3548
4042 781
379 950
3638 4202
3484 2396
612 3242
150 3792
1279 2408
970 3391
47 2998
2765 2190
3280 823
133 249
1998 4176
2061 229
2154 1468
1889 4472
1694 191
17 4108
685 2123
2529 2210
1310 1576
3435 4570
3409 2066
153 1952
3445 1654
3952 2219
3504 1859
1294 2949
3691 410
734 4892
3522 4208
1074 2496
1662 839
2985 3841
992 4593
1398 398
1004 529
4664 1338
4642 4397
1507 772
3755 1557
3122 2051
1919 745
329 938
627 3071
1735 2241
1051 4076
762 717
2368 46
1910 3871
3627 118
2340 155
3131 4780
2291 796
4191 2096
4018 1655
540 3883
1343 3100
4952 1374
4627 2738
2663 4900
1339 3748
4960 1912
4816 2387
2062 181
2600 101
4515 1799
1666 1584
3473 2356
1879 3400
3281 3981
3528 569
3599 468
3301 4970
299 2620
1858 1414
460 733
4946 595
4603 4581
3239 3153
1692 2797
104 2137
2216 4835
143 3311
890 1591
1982 4981
2483 3586
3561 2853
4308 486
3053 4504
2754 2076
4560 3386
2564 1520
957 2317
1517 676
393 4850
4205 2016
506 127
4345 2371
1193 2253
3498 3788
3165 1209
2170 253
1565 3348
4104 639
4014 185
464 2217
2025 3342
4196 1899
492 4030
2266 3357
4654 4943
2460 3151
2627 936
2081 894
1931 408
3951 2181
554 590
103 359
1436 2949
2067 3887
2234 2202
3185 1653
1544 2217
644 3502
512 1129
2698 4023
3544 2217
1859 3860
3736 1121
3171 4638
4611 3027
2666 2140
4149 3543
566 4710
2400 2057
2937 3092
4310 4405
3965 1393
4973 1411
732 1800
1812 248
2059 846
1017 2053
341 4771
2106 2235
536 2033
4005 3012
327 4397
2983 3414
1337 2007
3887 2326
1795 3343
229 945
3664 4619
4043 2947
2617 477
3464 812
1264 1907
4639 2634
4357 2337
2019 2416
3867 1407
1473 2013
1170 1569
3681 1877
1664 1107
3624 1808
3249 4936
4447 658
1410 3402
1238 2868
110 3088
1119 1360
2574 3428
2695 2201
2978 233
335 2233
4111 3644
2428 54
826 3242
3951 3866
4407 400
1051 1532
2956 4283
3896 892
1828 2623
221 2356
2407 1994
3883 4335
4563 3905
148 1034
740 3718
4748 4509
3908 32
457 4579
2577 257
3827 3471
3255 3301
763 2665
2834 2551
3236 4616
2148 1750
2268 1195
1186 495
854 1447
2929 3289
809 2462
31 3911
1262 546
3029 674
4041 3337
3280 329
1756 3043
14 3780
653 321
3449 339
388 4828
4786 3882
3071 4117
2679 1390
1584 3725
1469 3289
2121 915
3745 311
849 1648
3070 3791
3705 3532
3247 4222
2607 4287
2608 2464
1715 594
1072 2574
4090 2171
4492 2480
2594 3885
1236 1013
656 3006
1945 1430
4204 2493
4124 1272
2948 2138
3022 787
4261 3055
4582 4682
2245 2812
1586 4301
3910 3746
120 3565
4782 421
643 2801
4807 2732
2292 2116
3355 4047
4118 3796
1435 1511
261 4587
2124 314
2680 2647
3585 2084
1634 1429
4001 1179
103 719
1696 1940
3283 1297
1657 1277
4229 672
4835 38
1945 2810
4164 3300
1024 3799
765 3732
987 2150
3268 1386
1960 688
4253 716
4785 1895
2403 810
4397 355
362 3181
3765 2019
1915 4044
3813 28
1144 2208
2119 4945
1670 208
2857 1374
698 3081
1351 4898
215 3797
3042 3779
132 1045
2886 241
3100 550
2716 2853
4191 2779
460 1926
1285 1345
3501 2807
814 2805
2701 1687
4174 3728
4656 1278
3604 226
4182 3205
3184 988
484 2658
3571 929
4839 3943
4699 2941
2158 4172
3694 3842
3264 4270
2184 4717
3063 166
1879 3197
3952 2561
4183 2061
1596 1308
3027 2582
1556 2442
1131 240
3064 1795
3348 2144
1486 1239
2032 1833
4946 2722
3824 4391
745 1161
2683 4837
329 2471
62 129
2477 4880
107 4664
2388 4760
2436 3778
4199 1037
1846 2117
2537 758
2163 1755
5 3277
915 3184
3294 3270
3463 4396
4333 4362
3945 3282
4558 2219
2039 1943
187 4334
3367 1031
3888 3287
2101 3095
3150 3671
3616 4564
220 1439
2599 2244
3036 4235
241 2890
3240 3677
1738 4268
2614 3500
3265 3830
135 4614
2510 630
1496 1725
2541 3234
2012 3411
4354 2012
309 2328
2410 4634
3791 1684
3619 27
2959 4937
593 1306
2518 1758
2368 2316
1608 4469
3310 2733
2620 419
363 56
4470 1295
2261 4010
1012 1733
3797 1624
1305 1639
1297 3093
2490 341
152 2626
1013 4609
2505 1844
1200 3196
4128 1931
3461 2342
3137 574
3417 3266
3410 4145
3926 2356
1433 318
4429 3195
2551 4160
4332 514
4084 4223
827 2965
959 1429
906 747
1282 1906
2119 2569
3628 1483
749 3675
728 1211
983 2050
3961 3531
2554 3468
1870 359
1631 644
4989 2952
4311 1507
4653 1871
3524 2634
2560 2953
3617 3963
1405 1010
2443 2559
2752 4751
3446 782
4550 1916
1722 3306
577 3590
3132 4216
2742 4217
3349 3157
1676 2895
2503 4498
2676 4446
2900 3492
1964 4024
3881 3871
1379 3162
4941 2112
2732 1453
1880 792
820 3065
1335 3963
4501 1300
1493 4756
1014 1766
46 1553
97 3219
1114 3944
3021 2586
4601 2687
3561 4398
4615 1727
4243 2736
1682 1792
433 1905
1845 4597
3655 4898
3991 3933
4704 3286
649 831
1393 445
4308 2919
3313 2934
137 4914
3776 1146
769 3783
2923 4658
2789 313
1438 2353
3473 3719
724 1132
596 3811
3696 870
4122 590
1075 358
2646 4620
680 3735
840 3495
4092 4365
4822 1280
1069 3002
3949 324
2669 831
2288 1942
4024 680
2973 1221
1383 38
4102 3684
453 4060
2553 1771
4996 2146
2377 1952
1718 3833
1106 2853
3800 2143
2177 3200
2268 4891
3622 4193
1929 25
480 3914
3432 4212
962 2350
2202 3180
3219 376
170 4
578 2352
3467 4576
830 1990
3364 2598
1764 3492
3596 76
244 3975
2933 528
3173 4392
785 503
3169 3527
4911 4644
3035 4076
3279 4065
4527 4937
2069 3089
1357 3924
2579 4945
1139 3094
2610 2389
535 4786
118 259
1870 407
3893 3973
2043 259
1816 678
1338 4423
2121 4042
2319 1221
463 527
48 3755
4977 926
790 820
772 3251
1997 295
109 4692
4091 4407
3139 1847
4429 1370
471 4785
2346 1673
2402 472
2333 2757
2475 112
1175 2171
4609 771
3910 138
2915 1491
1380 915
3839 3026
1602 61
2629 1787
1807 2094
902 4086
3415 3641
2503 1776
2046 4786
1005 4473
1985 3498
2407 3075
4905 3155
3844 2207
3648 128
372 2557
90 1311
2133 4409
1635 810
2404 3980
2785 1012
4449 563
3046 962
1914 4665
2686 1272
2377 212
905 757
4318 2138
3543 2655
1918 3837
4946 703
1705 4748
2638 2574
1242 4379
1247 4190
4617 1995
4527 1513
136 1119
4773 4636
3770 4120
3502 1876
3411 1428
1294 3540
18 1005
2594 4162
1987 1485
4287 1642
1506 3607
54 3529
1412 1113
2844 1923
3305 4072
4687 227
2183 3549
3103 4154
4070 2229
2354 1946
1658 3830
390 2549
1004 4090
3392 1312
1412 1508
2406 3534
4249 859
2668 3420
1374 1721
4468 1856
3685 455
2998 900
368 4542
2499 4794
780 3228
1106 3800
3540 1323
4155 3410
1057 106
1318 6
2573 2640
2230 3448
1771 2895
3909 927
3827 1221
1099 2583
1560 617
2575 3794
4243 2725
4448 89
142 3145
3186 119
2571 4452
196 961
558 3527
3870 4882
4035 887
4907 1097
4154 672
4002 317
1771 2466
1969 1914
1327 3888
3002 4718
4516 949
1150 4115
1732 4089
114 2239
481 1026
2058 3904
541 1977
401 30
1631 2461
1970 46
4534 2993
1479 1221
1144 4724
1930 205
4524 3176
3930 4764
644 2015
4745 1223
2618 4273
2152 1378
3126 1075
4025 3408
696 4382
1748 4840
3073 4886
1298 3630
1056 3698
2863 658
4689 1251
722 3686
3002 4213
1257 1297
1992 4517
3626 2377
2686 4747
245 2959
4960 3299
2308 4821
196 1670
29 2771
2109 602
2065 60
731 571
2721 3754
2651 3237
3136 2421
1767 4067
1297 1106
4622 4904
1013 4896
1777 3706
1685 4029
4637 3599
2970 1181
1421 4760
3814 3079
2916 651
2197 37
4477 793
4830 115
1583 4959
483 2320
4992 2335
483 361
1998 569
768 3943
3726 1712
4044 1715
927 958
3632 670
1817 2149
3494 4797
2937 2673
3772 4854
792 794
3574 1870
459 1799
4014 883
351 410
4406 2936
4489 592
2188 1073
2343 4650
3846 1255
4305 2553
1203 205
2912 257
485 4661
2056 4808
117 1237
572 976
2283 4864
3328 642
340 895
767 4096
2031 417
4968 2643
3840 2086
1803 2269
4204 4196
1441 3379
3414 4551
1080 2848
730 4396
2739 4834
640 1002
3130 2645
4175 2380
1052 4687
3601 4707
3584 4852
2085 4800
4160 394
163 4262
1395 1841
2070 1369
251 4542
748 2861
1352 2360
2267 3960
4421 4305
2312 2280
4943 93
1482 99
2069 4633
4324 3207
626 3140
2488 1485
3315 1419
385 865
1353 3163
339 4718
3800 1465
873 3769
89 1548
2973 2275
4101 3035
2316 4916
4879 1730
1276 1236
1099 1971
3974 925
138 849
1793 2734
3069 1573
4820 1105
4238 3784
2689 4773
1721 4094
4420 3750
4341 1481
2586 1109
212 3668
4849 3701
2883 3266
224 4370
1982 3281
1804 3635
580 570
3284 540
2578 4313
3736 4415
2246 1450
2366 94
585 3016
3328 2748
4030 4165
300 4712
4705 222
4994 1935
4847 303
2440 4853
177 4428
46 2654
1756 4997
3534 1514
2158 4125
118 4340
1649 1109
1862 1099
1448 2638
752 4580
3954 1971
1566 159
3417 1604
1244 658
3381 1221
3638 2344
3318 2456
1901 2184
4274 3482
4718 1297
2237 3804
2374 1323
1762 3268
2442 4724
3626 3073
4181 2055
2153 4024
4964 1198
1357 3467
474 1645
304 474
3459 1875
3676 4297
2285 3820
1128 1431
1614 2906
4866 783
1275 4777
4946 702
2752 482
1834 4180
4965 3307
128 2773
1244 368
4503 3585
3775 3959
3714 72
4125 2383
765 3526
4252 2876
1166 736
1126 4083
3935 4320
3836 1840
4518 1826
3024 1035
1854 4400
3674 2698
292 2394
3772 632
3901 651
4052 3459
3127 4823
3867 705
535 1243
113 4845
432 2182
1158 3395
2268 1189
1964 2099
1379 3845
2391 4203
71 3999
3318 4667
4818 4324
2198 4250
822 4268
296 232
228 2565
2782 569
3008 2032
871 3572
2302 310
3905 4241
2045 4955
2901 1774
4835 211
772 1532
785 3577
3972 1324
4077 891
4484 2049
2836 3946
62 4276
3677 3408
3061 3542
2700 3588
2879 659
3128 4885
2018 1012
4523 552
2522 3626
4766 736
3464 2855
4904 2464
3830 2547
3737 2635
2480 3850
309 3728
381 2386
4973 2933
4362 753
3547 3393
3082 4045
2022 1355
2704 3261
689 2776
3927 676
3985 1762
4364 3962
98 358
1294 1796
2195 4729
2047 2780
483 4601
1666 198
1414 4192
3090 83
865 2920
1921 745
189 3913
2085 1971
3492 2612
2618 366
1404 1958
3462 172
3227 4400
4311 4956
492 770
2953 3839
3813 3436
1204 3273
631 3169
1473 2302
1449 1426
427 2578
1105 3326
4365 223
136 3236
1973 477
891 4540
3638 299
1506 2517
1119 3168
1747 1390
845 880
468 2217
151 3044
1306 867
2216 425
4475 4642
3799 1313
4298 3318
989 4231
3158 2125
2687 3651
3152 4294
2270 4295
1501 1934
3797 4238
897 290
527 3598
2850 1892
3759 4773
2386 2553
4294 1718
2217 3823
1775 1613
106 4968
788 3323
2649 3134
4429 1455
3887 2605
2548 4968
4498 2217
3590 2651
3731 1846
1887 974
3972 4818
2145 173
3305 2168
2149 3137
4790 3596
3566 4246
3269 3046
3513 3408
3775 4439
220 302
2143 974
3419 382
1468 4436
2356 4590
4594 3059
932 1719
4583 4141
1433 2832
3283 3702
4156 787
3268 2752
1936 590
3709 3437
3634 2453
273 4097
4715 2768
1254 3470
572 1598
53 3223
2658 190
3337 4047
4763 4165
643 3203
1182 453
4119 4207
4486 1571
2088 2251
4621 371
2214 8
4092 3475
1593 3939
2595 3842
4826 3860
2155 1446
2189 1178
1098 2584
4330 1666
2567 2253
671 3271
31 1303
3590 1475
2878 4496
1244 3221
3141 660
2175 2179
3121 1037
3441 1557
906 2869
3302 2526
4599 1348
4444 820
3452 3617
3326 916
679 965
3190 83
2864 628
2836 1466
216 3402
2847 4827
4269 3778
2037 1849
330 2744
2529 2111
1557 1882
994 52
4879 2809
2652 3298
4000 1879
2099 4460
3290 3477
3516 207
2352 2193
1145 561
1718 3842
4572 2102
92 2197
4178 4309
2445 3205
469 3788
2237 1771
1597 3709
4226 4302
2253 4135
1835 31
1578 2851
2379 1797
3027 2160
3202 939
3027 797
655 2861
2022 410
935 156
89 2023
3403 2881
2054 1030
776 3757
2002 2119
4894 590
1228 3171
218 555
3042 290
1932 3861
3632 1813
1449 4532
2831 119
4163 4343
3588 609
2563 135
4700 605
3229 1047
1261 2306
2586 2459
514 858
1695 2588
799 4504
4500 4779
3982 262
2212 2354
430 1188
2046 1036
323 408
2884 2095
217 4143
790 2041
683 798
852 3106
746 3716
4159 4914
4782 3833
226 4125
42 2264
2389 2173
888 2261
2156 2501
4698 3384
1219 2479
3007 4549
3811 2691
644 4214
4012 3041
2918 1271
2427 364
1250 4479
1574 3494
418 4435
3821 447
27 4451
1590 169
1286 1145
3803 3739
957 3025
1218 3747
4038 2561
535 2752
3686 2327
2010 4582
843 2754
4027 4640
4600 650
220 4948
2853 4663
3023 58
3470 3854
1086 3793
2444 1147
3032 725
1476 3747
3800 3165
3147 1265
2607 1332
2013 365
60 4794
652 1822
1385 2533
4904 1068
2258 3397
2806 1275
2983 2998
3085 614
3544 4741
2482 1815
297 1708
2390 1943
79 2636
2489 821
3070 3297
2833 2909
396 2586
95 2674
4413 4396
1458 2151
1580 131
1137 492
384 1306
2671 1932
2915 1809
2156 2949
201 4834
4590 2017
707 4678
2733 4278
336 3898
2371 4027
152 1156
438 857
3878 3203
2138 2659
4402 2132
3961 16
4740 4639
4223 2116
980 2503
3940 405
967 478
340 2775
2452 3131
4493 4779
2780 2304
4680 3256
4725 4149
3195 805
1430 3025
1053 3276
2553 4926
3347 2003
4613 1565
1240 1501
26 4361
3084 2149
2209 348
3750 3084
3863 2189
404 2978
229 1151
4997 464
1954 1955
2438 3965
1083 1
2584 2402
993 408
531 3950
2803 2144
4046 368
406 1512
95 3630
179 1659
330 3552
7 1682
3238 2991
1624 3192
3912 4646
8 1625
2631 4356
1215 3021
976 2538
3261 1307
1088 4294
4965 46
4048 3663
2623 897
4892 687
3197 4346
1937 3421
4344 4230
3831 879
4170 2025
3876 238
4724 3485
2974 2709
4044 4186
1895 317
3855 4686
3494 4181
3331 4165
2122 724
3143 515
661 2551
4737 606
2155 3116
3840 525
2906 3706
3383 3937
505 4904
4077 374
1787 4624
1406 4119
1406 1781
3561 4696
2404 2488
381 3429
963 619
866 4849
1040 3591
3012 291
2650 4359
3869 1347
2911 3907
1339 4972
2666 3320
2159 2894
1790 2873
1868 825
3678 3890
1964 2435
3793 1007
4824 3569
2940 4019
4112 3120
1831 1425
4181 391
3064 1079
3609 2252
4907 1159
3591 1637
4999 3446
146 2995
684 1967
2717 4037
3138 3338
4971 1767
37 3650
4915 1100
2544 4922
4511 3991
677 4143
2470 1515
941 3321
1357 2120
1731 782
990 3570
4993 1099
3634 1232
1469 501
3646 946
3925 104
2947 1337
1339 4160
4425 2910
1489 2980
1166 4396
2047 2269
1175 3687
4308 827
4284 842
2506 4909
2007 1718
1944 3042
1945 426
4541 4097
2586 3476
2262 3484
2686 138
781 4056
141 217
386 2919
4779 4747
2899 3866
3450 1215
5000 1137
3369 4793
772 418
3834 2501
1540 3192
3226 766
4664 749
934 3966
3402 4767
2952 110
1516 349
3629 526
4179 2430
1176 518
3631 2552
1454 1573
1857 2449
3503 1301
1317 4776
3206 4586
2222 1533
2268 2572
1494 3544
1265 3618
675 4381
4462 3071
394 1342
1570 1421
1299 2307
1667 4679
4553 1724
4517 1627
123 3142
2077 3887
671 2297
3268 1292
4703 4109
1478 2281
881 1532
2769 4569
3340 2738
3793 4894
474 4142
4008 4019
2110 1141
1240 1572
476 2443
188 1359
4776 962
3010 2903
183 1644
3182 2497
594 196
2475 160
290 2245
1259 4748
4448 1419
4160 2935
2912 4953
2462 4250
97 4533
1655 1727
4659 4689
3340 1935
1106 1971
3354 688
2116 2459
3961 1499
1333 861
3235 1496
3723 1046
222 3474
3301 291
3560 3880
2149 2226
92 4606
4807 86
3324 3090
33 1742
3322 1056
3298 3788
3829 3583
4998 4738
999 4095
4534 3025
1094 4943
1690 3364
4030 1703
76 3112
4035 1075
4826 108
1351 2311
4134 2439
2254 2976
4024 4391
442 3172
2176 1236
4131 4092
1245 2114
4701 3424
3071 3790
3392 3595
3164 4542
404 254
1402 2795
871 2685
1141 1661
2165 390
1704 1611
4964 731
4947 4679
1376 1870
928 3303
1433 2219
1053 1777
73 2653
157 24
2923 621
212 2118
4059 1571
611 936
3403 3553
2333 3673
4855 3837
84 522
2403 2750
1851 3813
2522 3353
4126 2020
633 1832
3293 4717
1310 4643
722 1830
2521 3077
4001 701
2472 2852
1774 3091
4098 2620
222 848
2752 1545
778 3105
3504 290
3634 2187
4412 3917
4912 748
343 1813
4316 2610
1460 777
4125 1360
31 18
3623 1346
156 2250
1541 4644
1074 2506
3888 3209
4160 1964
2443 3117
4062 333
4347 1546
746 3444
825 4666
2564 2773
1490 863
2601 2422
1565 2771
2668 3454
3455 2080
1865 429
2181 3144
3326 57
1712 3172
3554 306
962 1532
1662 1813
1895 3552
4169 4463
3601 2701
1574 1798
509 4068
4787 4417
839 3040
2310 4179
4158 4593
1153 453
3183 2542
4527 4222
4852 2558
2489 3407
1858 4306
3642 1528
3352 1940
1250 1005
390 885
183 2905
2370 85
3958 1900
3579 577
4311 1993
3610 2933
3837 1956
1746 1313
737 2832
1813 3740
2708 3260
1368 3415
3548 4055
4724 354
3483 1639
2587 1858
2137 947
2380 3591
2279 3458
4397 2407
4982 3788
1253 708
2463 4298
4988 1397
1396 4984
779 3733
444 1025
3673 1463
1880 4051
2302 4481
3281 2592
236 3440
2909 742
3774 882
529 2228
1400 2181
2928 4872
2581 4651
865 2999
1607 1435
2874 288
1749 2741
1091 2733
2554 4760
749 88
1090 4421
1777 2871
2124 3685
3859 3440
2026 2175
1106 567
1886 879
1786 4578
1106 2551
361 4384
3260 2667
4072 152
4817 4362
197 4935
4545 991
3879 935
1081 4133
557 4897
587 955
231 939
2341 4214
112 1813
1282 4930
176 4716
4383 2522
2242 2568
2996 1104
2767 4586
3422 4824
2959 3281
813 2837
4724 2380
4750 3250
4328 4476
1440 1374
3757 646
4242 757
1160 2590
899 4680
2801 969
3106 2048
2996 3996
950 325
1614 268
4741 51
92 2254
4986 1672
3472 2194
1342 697
2607 2365
1554 3281
1883 3006
3232 875
1117 2253
1185 2025
1575 4054
700 1793
3486 431
848 2130
1257 323
2354 3475
3504 3374
4163 121
2907 3092
299 567
459 4125
2864 2692
3685 2383
3350 3010
3582 497
910 3720
2735 1476
2608 1510
3417 305
174 51
2259 56
4458 2121
1444 4201
2702 2598
908 4766
3102 1825
2649 2611
259 1240
3777 4223
27 3865
368 1581
4064 3638
1929 4399
4999 3766
4102 3486
4901 1165
4379 2944
4568 1886
3849 2674
2061 4382
2163 2516
3732 565
547 704
4186 3499
1139 782
713 1665
3360 3943
1320 2891
1584 895
1515 4173
2723 4108
154 3494
362 2384
4469 4526
250 820
4870 4678
3383 4440
3044 4774
2462 1434
1221 1612
2965 835
2239 4280
3262 4038
4138 1614
3975 166
765 1449
777 3734
826 3688
4465 2281
1641 1905
3067 790
3039 2836
368 122
4813 683
3287 624
2513 1712
4665 1938
1879 519
4791 2997
78 1136
4427 3095
1488 4091
3692 927
3231 3756
4488 2769
605 3340
592 2488
2920 4762
3102 4424
1582 1296
2841 571
1797 4276
18 1584
458 700
335 4016
902 1989
1590 765
1659 2854
3731 552
1821 2027
2992 1075
2262 2860
2103 584
2239 1377
4089 1102
3574 4185
3573 876
1183 2584
3661 3384
292 4950
3897 456
3032 4507
4706 2674
3165 504
2546 1061
2433 4432
2317 4626
189 482
2195 3394
1140 1019
2061 3929
1469 4394
4961 3542
4020 3984
3239 2371
2528 3326
3624 2227
3072 139
3670 405
373 4012
1034 3791
2059 1122
110 2639
3113 4470
2858 2007
3514 1010
3232 1104
2556 548
1707 1502
489 1407
2984 189
4491 4124
4426 134
1207 2565
3909 1981
1794 3512
1932 145
1714 3179
1109 3520
2527 46
3304 3526
1287 4844
2805 1712
2956 3667
4786 1268
1043 683
786 1653
1016 214
1966 2045
1686 1706
2115 2459
3317 1420
2238 3540
209 4600
2536 2830
3787 550
3437 1101
667 1509
1624 295
533 4984
329 3254
1096 2312
1568 2522
3693 4149
1502 738
1476 2190
4144 4559
949 3764
3307 1080
822 2437
3122 3373
1508 1563
2672 3349
2409 2670
4853 1127
3457 3864
773 425
4676 1153
2610 4965
4379 305
4681 1319
2690 4169
3045 4534
942 1647
3166 4946
4134 1418
2695 3624
837 1867
1471 1598
3399 2363
3901 4251
3847 59
2716 1923
4030 531
2994 582
436 1990
2636 2161
2989 4328
3477 3757
4458 3346
197 93
2579 3956
4709 4923
290 3494
1109 3971
595 4872
2355 1171
2587 1546
2952 4430
2501 4749
4858 3884
744 4918
4075 264
2097 2196
2864 786
2508 1385
4429 4366
1403 1858
468 2868
2088 3827
972 4377
2893 3020
1311 4812
511 1028
3835 4718
1786 228
1535 1640
2521 3124
2941 1008
4832 2761
4494 1555
2419 2601
3823 3434
3664 994
3541 2245
1744 1677
4626 1387
2321 2456
3935 3955
390 2645
2939 3427
4744 85
3877 1495
799 2475
1460 1983
2099 3580
4140 2346
4699 3622
4467 4179
4094 2874
124 4816
4483 4210
3865 526
3376 1951
3948 1715
429 1962
318 2977
1297 2997
265 1762
57 1399
1302 4699
290 1917
2158 2938
3382 3620
2888 710
3022 2937
4754 3456
3612 3727
1795 959
4686 344
464 1146
180 1341
1860 4135
3329 3252
3764 3475
2155 4934
1213 2416
2403 55
3599 1103
4370 2140
2132 3828
4646 3202
2542 2498
420 3721
954 4040
4116 401
3119 178
3982 3348
3810 1827
1026 2787
3297 1594
3033 4455
3930 4390
2494 1789
1501 1361
2986 1267
4810 4744
3109 4600
802 3887
3708 960
1937 301
3550 779
1538 420
3855 569
943 3340
1750 2586
2330 2633
4235 2621
1580 1881
4760 1021
4961 4422
2553 1260
4738 1028
2062 601
801 1507
2236 3870
623 1446
3640 606
4658 468
2287 3595
2019 3814
2836 2551
3470 2502
205 3659
42 1782
4641 1175
4925 4473
4335 395
3312 3909
4572 4968
4674 1283
2275 1778
3639 3664
4171 4156
3377 2720
3532 544
1748 4933
4257 1393
3773 3905
3518 2939
2388 4408
3322 2434
3788 1986
2874 1352
3042 4321
644 260
3826 4935
2191 2107
872 2671
1415 1364
2544 2660
1521 3301
3473 100
2665 4858
4277 1795
64 2709
3081 3886
4085 2889
3212 166
3344 3534
790 968
2219 1651
1858 1219
3768 618
4197 3096
2623 4657
228 582
1394 4927
1391 905
322 1795
1855 593
1607 3980
2273 3580
2200 3610
4080 1332
1300 3482
1844 4195
2339 922
2099 3348
2374 3998
3375 3634
4121 1995
1484 2710
4618 2687
4069 2444
4557 1578
1339 1749
4255 3092
4850 2138
2478 4188
2607 4160
3135 3066
4679 4151
4913 1114
4532 545
1528 143
2362 838
2432 4993
2954 324
4149 491
1201 4631
2895 452
3901 1318
2162 3081
705 2866
3521 4878
2382 1310
3493 4941
1768 3994
2592 1626
3189 2733
4575 4062
648 3753
1622 3789
4700 1184
2960 4064
4538 2986
330 2933
2170 4339
694 2194
1856 4505
2616 995
2307 1718
2409 2019
83 483
23 907
858 3022
3385 3837
1961 4888
3019 895
4589 3830
41 4248
3285 1391
856 529
3970 727
837 2312
4239 4613
3086 2230
4279 2780
2039 1443
2786 790
853 2693
3487 2358
1715 723
4971 1501
2156 1176
2318 2845
513 1039
3982 3956
1936 3154
1311 4219
475 2463
3761 4960
2032 1071
1734 4407
3042 1689
3332 3047
3306 4143
3609 1784
4644 4544
1709 3593
4919 2449
1135 357
1744 4151
591 3867
1366 403
4594 247
1683 3879
1068 2637
1982 1480
2157 2740
1652 4704
2931 2791
699 2393
987 4082
4724 4245
2317 2952
2021 470
3034 1739
4384 4607
3585 1526
220 345
3980 4466
2268 2058
966 3022
4226 4665
281 2048
85 851
2758 1565
483 3203
3083 2294
405 2570
458 4266
2622 2277
4933 4184
4556 4872
3425 43
2870 1076
1081 2804
3417 3243
4028 3241
3132 3014
457 3639
2107 2604
219 865
392 2539
2600 166
4099 3718
448 2995
3936 2429
4006 1368
1022 2918
4919 4858
1316 1447
4336 1798
4900 1827
4382 3425
4694 3070
1729 515
538 3759
589 1544
4283 755
2987 1916
220 429
801 2568
1871 3046
2129 579
1856 4669
2204 4773
1240 1186
4088 3426
3919 872
1528 3317
2048 3022
2096 2353
1421 3595
569 4770
4351 325
2771 3368
2490 3892
4828 1727
355 167
2900 2464
2993 785
1422 4604
4350 1476
3796 3463
120 3550
3912 4319
3224 3440
1137 3525
714 2145
3889 2498
4576 2792
1813 2853
749 466
4151 2920
3298 2908
1318 1937
2960 430
3227 1200
470 2016
2394 2063
3729 248
601 1210
4988 3786
4968 3348
1010 3473
1731 2966
1675 4886
3828 682
791 4335
192 3700
1239 3879
2468 3811
1297 4388
3535 1994
3212 2717
461 2852
4405 4365
593 3991
3092 1297
1422 31
1295 937
4720 3767
1898 759
380 533
115 4511
1618 3576
3102 3140
930 34
2395 3218
3818 3367
1145 3298
1322 3398
4934 3751
2425 759
1758 536
4499 244
3733 3921
4902 1898
2427 3070
2164 2695
4050 953
4464 4663
3402 693
749 138
3265 1492
4397 831
2540 3525
862 559
1603 686
2943 3913
32 3957
1104 1446
3879 1997
123 2648
1975 399
2513 4831
258 3360
121 1081
3452 653
1968 285
1216 4813
4295 2343
63 4294
2596 2226
534 3200
77 3547
2029 3147
3653 3525
2469 818
4109 4974
1822 71
4699 2837
2035 118
4897 409
1141 1013
4990 4877
661 2464
3006 414
416 1010
2223 990
2827 559
630 3404
4057 4001
2441 4149
2662 1446
1294 402
3645 794
3711 325
4331 3944
168 2128
1333 1316
2099 2586
4864 1531
3156 406
165 2056
1425 551
1092 1844
3815 1178
2112 4074
935 1364
211 3010
1263 2553
2891 1474
330 371
2928 3292
3027 3515
667 4723
749 3580
383 3753
90 420
881 2968
2185 3451
4223 4271
1558 821
977 3966
2417 4698
510 1265
4651 464
3378 3733
1771 1529
1013 3708
3302 91
1848 2745
3746 4218
2391 1097
2462 1990
316 3809
3737 4923
4036 4915
2953 1318
1552 4034
789 3564
3453 1745
4833 896
1959 4859
117 4456
1137 4506
4198 1399
2645 1336
925 2086
1603 606
3301 2666
4641 1142
2329 4951
4360 3991
4024 2553
930 2586
3846 4397
4963 2460
3664 1972
2897 659
1888 1695
2922 3818
4230 4944
4268 2274
3234 2586
66 4641
4619 2829
1001 895
4143 3
2941 2356
186 3225
1389 3618
2830 4302
4132 1109
2993 3961
667 788
3414 2294
1674 3606
4936 740
2013 4903
1955 1948
4090 3900
2821 3935
1816 4546
902 68
3613 3202
3836 2475
4203 2343
1446 189
1710 3175
4513 4275
3370 3677
284 4286
691 2937
1143 2324
4781 1056
3749 4995
4735 3397
1788 1477
305 4483
3455 3591
2092 4193
81 2507
3598 3388
2061 1984
3952 620
523 4496
1877 4307
578 3022
212 4759
2371 3264
382 1119
4078 2648
75 968
4761 365
8 2180
4432 2165
19 1221
4739 4066
1037 3774
1980 2768
97 2245
2609 1731
2681 2952
1991 1114
602 2217
2224 2798
4596 3180
2255 1392
1941 2844
4776 4167
3602 1858
2904 4149
998 4251
2144 4147
4789 3851
96 4013
692 3470
4080 2206
59 3461
1716 3540
4494 3687
3802 1119
3187 4067
2963 1462
3605 1955
724 3073
1104 4801
4086 1870
2688 1709
226 74
2243 2164
3644 3981
2793 157
3234 2961
419 3191
1924 2754
2905 1751
2551 2340
3979 4302
1106 1472
1559 2068
2208 3609
3623 4786
1998 3845
3367 4949
1737 2139
4440 352
2865 2868
432 1638
1781 4757
4368 3328
3023 855
2726 4072
4985 2301
2832 4675
1781 1522
168 3265
389 4429
3841 4039
929 660
346 2949
1587 3713
1371 4910
3333 650
4217 4021
3088 1551
3753 623
1650 2783
104 3712
1976 2528
3437 710
4351 3909
1490 3162
2826 1813
3241 4689
1224 2930
726 2104
2836 3351
415 4498
1024 263
4358 4696
2249 3409
1970 847
2260 4948
2779 917
290 2343
2267 4113
903 900
1181 2356
1701 3664
1051 2169
984 4156
3663 801
2984 2515
4806 4584
4576 2386
2361 1632
265 1800
1885 2096
142 3010
3958 2711
1595 390
2953 2642
694 1149
3988 2630
1476 4731
951 2349
2358 1534
4148 4405
997 4684
77 4775
1463 2312
2163 586
4231 4144
4380 3437
730 2692
2399 33
4545 3333
1104 1108
3880 2210
2317 2728
1736 4978
3463 2192
2186 2140
1792 459
31 544
2570 3599
3683 3600
3176 2697
4256 1386
1004 3281
3969 2834
2377 1779
3806 3567
2645 1319
27 2178
311 749
982 484
4302 2414
1843 1165
4482 3791
4201 4273
3479 2758
2312 65
608 1570
1536 3251
1884 2011
1298 1269
2377 4482
3697 964
4752 2614
828 4204
3761 4039
4744 2683
3704 3422
3445 2932
4682 4258
2914 2731
3152 3018
990 1335
4075 4915
441 2581
1456 2291
1344 4455
805 1768
4357 2736
3515 3478
963 950
4769 3501
2201 4139
3689 806
4605 3329
2116 4260
1353 3685
2840 3291
4477 2870
4973 1671
3722 4856
3425 4200
392 1221
460 3639
3090 4157
1811 4220
2599 1917
4776 2772
1224 4904
4554 405
3915 291
633 2853
1318 4611
4527 11
3754 2921
3386 2281
673 336
660 2100
1974 970
4873 4114
4964 1208
1684 3173
3054 4299
3546 684
591 2638
957 2339
3811 4946
2338 819
4542 1584
1506 3104
3217 2097
1066 1655
3506 604
4673 639
1334 2611
1864 1871
290 4941
1032 1509
4869 2017
2729 4587
3671 2513
3090 1809
2834 8
4842 1470
1706 1869
2603 972
1350 855
1715 4478
3645 80
2728 4338
1998 4893
2522 4312
956 3365
2894 2225
4079 2021
4230 4865
3991 4967
2618 923
384 159
4390 4536
1571 4167
131 2519
88 3536
4783 3866
1790 4624
4792 2215
342 4134
4866 479
1122 4181
195 220
1801 556
800 2768
1788 1610
4388 36
3818 4874
4807 4204
3161 3420
189 4075
3401 4024
3073 1820
3812 1604
19 3055
735 4078
1461 623
2044 4876
971 1712
2294 482
4988 2459
3019 511
1002 1894
864 2138
3162 742
2880 3876
933 2670
2351 4582
2811 3752
4602 608
495 2718
3944 2412
2953 4143
3274 2453
3267 270
1542 562
3085 4236
3037 521
4674 3166
1105 3080
1947 4838
1850 3978
125 4084
1997 559
1115 1769
3417 2986
4546 3849
394 4003
4849 1640
1545 804
677 3215
2465 2504
602 1893
3278 1323
3114 4319
4086 3864
3401 1824
4046 56
727 3096
1835 2476
2839 4440
3314 874
3989 1492
516 4758
4228 2234
347 448
4338 4374
75 909
1002 1192
3083 4558
1561 2999
2202 2794
3244 4760
1659 3172
3410 4242
4142 4484
47 3072
850 3840
455 657
1529 2869
1321 1664
1010 3088
55 341
995 1576
2625 3420
1378 2838
2650 4430
1101 2758
1557 2020
340 2648
2699 4266
3239 3839
3714 4727
963 2399
3766 3877
1079 1099
1499 1741
1604 4920
114 4276
362 1632
1043 3833
1248 3791
1730 2508
1405 1514
1188 4399
433 2780
109 582
644 2613
1587 3785
1150 2134
2626 3492
3982 4664
1894 4022
896 1429
4907 4993
1837 3329
329 3434
3100 4378
2123 2269
3888 4515
3167 4292
2878 4420
2268 3053
1774 3558
3180 3861
2510 2511
387 3915
3720 4179
1873 2168
2804 3153
2314 4954
2015 3980
615 1919
677 2634
1621 3182
663 1826
773 1322
923 3206
3483 3685
2708 3420
4496 4532
206 4112
4435 4931
2228 3427
1246 2839
960 1048
1308 3754
1144 1908
1942 3387
306 3207
921 1111
259 3676
1353 4212
920 4688
497 698
584 2813
2324 3775
601 2129
449 4798
3513 4057
4067 4533
439 1879
674 1092
737 2205
540 3843
22 3580
1205 4449
29 1632
292 2746
2152 3197
1185 3605
22 3943
454 1177
2421 4840
1462 4866
2734 4553
105 4991
2486 3530
20 2278
158 4173
1274 4891
468 3532
347 3927
1679 3561
1440 4889
2027 2142
315 2535
2888 3514
235 765
4060 4555
508 2796
65 1566
1264 4270
430 4230
4022 4654
1344 1831
1356 2838
768 4154
3397 3878
390 1390
1690 1769
977 2379
946 4841
493 2367
4072 4550
655 4505
2784 4551
1610 1746
3652 3720
1649 3404
3819 4106
1073 4426
1833 3395
301 4944
4182 4395
2184 3303
2246 4384
322 4294
3694 4313
2631 3174
3247 4260
3284 4720
1718 2597
718 790
1068 1591
93 3054
2979 2997
2737 4206
1858 3593
2135 4344
1031 3175
551 2665
1135 4630
3137 3762
2107 4001
1104 2487
100 1393
765 1653
64 854
693 2096
2145 4653
1126 4116
1744 2356
699 1027
2967 4696
3053 4174
1472 1809
1399 2120
1698 2545
1177 2171
2363 3820
519 4012
355 3496
1870 2282
104 3110
3400 3856
1225 2877
1775 1863
52 2541
4129 4464
4380 4997
1334 4973
2530 4668
1404 2957
2317 2323
325 1186
484 998
2602 4545
2524 3668
9 2291
1128 4643
3304 4279
2194 3334
2768 3776
2362 3953
2064 4795
522 2848
3925 4864
1247 3565
568 3536
2690 3575
4156 4828
598 2907
230 1978
1872 2483
4029 4086
1685 2744
2760 4577
3214 4021
2876 3600
2046 2913
810 4793
1414 1865
1297 2425
3225 3974
2486 2930
1821 4839
69 518
2781 4945
2678 3604
3113 4590
54 2268
1465 4517
2053 3514
322 2368
3195 4962
3680 4056
2667 4075
291 4089
1396 1866
421 2519
752 4914
3348 4024
3901 4951
3804 4232
1172 3347
3460 3671
3253 3379
3415 4340
562 1188
52 80
560 2196
1187 1331
1034 4447
885 1910
128 186
35 2124
695 2231
3274 4851
2226 2931
1885 2351
2807 4936
3115 4928
761 3347
4579 4976
1257 1482
2852 4233
637 2275
907 3598
108 366
1386 4333
1229 2245
1793 3961
870 4996
2539 3225
1781 4129
889 1713
2977 3107
2398 3316
2425 3739
1673 3623
754 2842
1533 3083
755 3557
2367 2734
1243 2141
2253 2805
140 1228
366 3687
2619 3717
3508 3768
2761 4037
21 2610
2675 3027
754 1411
3887 4378
4153 4244
1069 3147
4110 4610
1052 4010
280 877
1427 4706
2808 4883
65 800
1087 3033
3514 4057
2557 4904
423 642
314 3281
518 2235
2147 3286
25 986
879 1581
2160 4357
635 1261
3236 4846
972 2518
2385 2616
2153 3725
515 2146
2623 3098
918 4553
3119 4340
2353 4884
2029 4795
2318 2435
1885 2216
652 2324
2611 4960
1315 1352
416 1801
1949 3970
1030 3979
3555 4810
581 3348
1069 3607
1961 2196
1198 4084
1788 4372
1322 1780
2140 2982
172 1777
2250 3950
2601 4116
1049 4996
888 1324
943 1244
299 1219
3633 3992
3389 4838
19 4663
116 2959
1261 2868
1873 4078
287 3687
1963 4180
2091 3865
37 3834
2802 2998
3620 4066
976 1279
1877 4970
2675 3595
1920 3815
877 2279
87 675
2048 2444
798 1860
1613 3596
3600 4585
407 1562
2435 3194
3683 4058
3548 4448
922 1584
2342 2749
2223 3625
377 402
1999 2471
2885 3886
563 891
1615 4007
2624 2667
2173 4578
2009 4549
1791 2243
235 1626
643 675
1430 1746
2562 4354
1237 4089
3271 4324
1187 4234
1138 3737
738 2750
3431 4451
1902 2227
3029 4421
3296 3664
3789 3911
3783 3822
753 2406
2995 4918
1239 3165
1249 2945
4368 4600
680 3773
464 1020
2398 4031
882 2444
1060 1799
1268 4755
1261 3983
1584 4245
1779 2788
1965 4840
2504 3003
462 739
1599 3627
218 3573
1439 2348
1902 2721
1067 2361
1610 1697
1855 4297
406 4801
1670 4144
1646 4586
1040 4271
1698 4955
289 2668
1486 4392
174 3306
1656 4627
524 1254
314 2782
2579 4408
549 3325
3819 4516
3969 3976
1837 4364
3122 4585
1053 2655
3432 5000
2720 3579
947 2342
684 3819
831 1929
2126 3067
1235 3077
3442 3992
1135 4933
240 805
2426 4725
507 4704
2860 2942
1748 3894
1985 4750
2067 4943
3181 4675
1692 4185
236 863
1049 3706
467 3300
156 2449
809 3827
536 4089
1570 3017
113 146
505 713
1641 2899
1528 3041
335 4920
3117 3452
2087 4930
127 3362
3200 4134
938 1217
2492 3530
2179 2956
1546 1722
610 4714
707 3649
1301 2347
333 4063
2393 4992
473 3557
292 2747
671 2280
1531 4284
2016 3950
1782 2723
1115 3215
2590 4116
837 978
2219 3722
1438 1920
2607 4009
3221 3641
2030 3084
727 1004
2801 4765
1090 1833
3043 4326
2697 3104
3989 4855
2989 4061
190 4328
1093 3301
1479 2027
1138 4184
484 3927
2356 3358
2222 4300
109 2963
1759 2839
3201 3920
560 2378
2186 2330
1859 3821
1426 3542
553 1769
1814 2565
3366 3533
35 2764
1100 4784
947 3341
3350 3987
1030 4763
2946 4829
2408 4724
1210 1353
2069 3341
2622 4330
2325 3828
764 4578
1015 4671
4519 4644
1353 3507
3733 4926
1493 4661
2473 4483
2852 3086
1089 3163
3338 4922
421 1003
516 880
4299 4390
4832 4957
82 4188
1323 4274
242 4947
627 3062
770 3253
4371 4383
1009 3085
264 620
2037 3773
1381 3291
1328 4393
1511 4139
757 2798
4145 4274
612 4038
6 4867
1576 2091
3331 4990
111 851
1424 3062
1661 2112
1801 2184
73 163
3080 3522
1306 2025
2238 3805
1157 2181
173 3840
318 384
489 3866
2805 3273
4613 4909
305 1145
1956 2358
3058 4557
914 1721
3937 3972
939 1674
864 1165
2632 4910
1772 2728
653 3207
595 3451
4134 4652
912 4149
2281 3481
4160 4941
1120 3525
3382 4072
4076 4939
715 1062
1231 3327
3649 4076
3049 3324
3600 4798
17 3189
1966 3246
1853 2068
2285 2808
4785 4858
3398 4858
3904 4307
3362 3410
5 900
2058 3432
1129 3052
2583 3916
3889 4802
1255 2405
1112 1843
2374 2626
641 4241
3913 4742
1264 3718
3633 4280
1347 2925
936 4865
341 4042
1300 4720
441 2097
1482 4000
3352 4981
1467 4508
785 3460
2551 2984
609 4202
3778 4931
672 3975
3392 4446
2588 3878
169 4967
471 916
1133 3979
1280 3490
2025 4233
1132 3103
515 2458
767 3582
341 3035
717 1818
133 3932
762 2949
2789 4801
1793 3622
1883 3513
3348 3658
4011 4779
1627 3592
3110 3139
3152 4531
2342 2507
799 1317
2294 4510
1730 3587
1319 3915
41 178
2048 2055
3206 4470
4457 4641
1410 3981
2856 3199
3257 4837
769 2414
1260 3670
1005 2803
159 4616
231 1148
1372 3794
736 1909
771 2100
2531 3362
177 1282
709 4189
1250 1601
3737 4778
4111 4815
1073 3703
1361 2574
829 4168
2970 3799
3318 4693
327 3164
2020 2126
2345 4559
1609 2338
868 3172
20 2664
938 3154
1549 3007
3260 3845
3309 4681
931 2035
4305 4376
2862 2864
414 4833
846 4121
1149 3806
1589 2487
2251 2308
2929 3222
1134 2606
1458 2727
1138 4882
1966 4045
626 2407
1247 3337
3319 4850
1862 3775
98 2709
1531 2601
1980 2454
3191 4478
2284 4368
1302 1867
2151 3609
166 4512
1010 1127
818 1814
251 4954
1664 1872
867 2763
864 3448
3225 4853
1460 3269
2646 4246
1173 4421
2322 3497
1079 4337
3029 3938
829 1108
2595 4529
39 198
126 4734
1367 3487
2439 3764
601 4946
448 3112
1255 2416
1503 2238
830 4207
1488 1840
290 1184
2650 3250
2173 2603
3081 3533
3334 4036
1719 2221
838 1001
1248 4545
1885 4221
468 516
1122 2915
683 3602
1836 4282
1091 1445
591 2387
3804 4267
1776 3011
430 2624
3089 3765
2639 2878
989 1205
763 2151
2775 4575
452 4510
1308 2350
177 2462
248 4336
140 4574
1834 3837
1784 3755
2949 4151
3087 4929
2810 3675
548 2468
321 829
289 3537
239 3331
3418 4784
944 2220
701 4987
3651 4451
1978 3672
1297 1385
1734 3426
4100 4239
129 331
1490 2612
924 2433
2023 2483
941 2339
1917 4356
2046 2547
1592 4642
1856 2715
1771 2969
1224 4701
794 3123
1785 1844
3497 4758
1105 3450
2848 4488
1882 2298
357 2185
3100 4636
1435 4047
1765 3180
2615 3707
3551 4230
1118 2404
1097 3703
556 2853
997 1001
727 1994
4032 4221
1817 4961
680 1687
471 2040
4231 4432
1813 2236
4215 4498
692 1063
1754 1800
2300 2462
826 2074
3282 4000
3244 4397
1311 2338
3783 4009
655 3576
2412 4957
308 3361
1198 3505
488 4196
633 938
3696 4925
1333 4085
1630 4637
879 4882
2279 3871
1672 4762
2473 3002
1696 3167
1234 4441
3317 4785
3958 4048
3355 4337
283 747
864 1863
2061 4211
1878 3128
471 1973
2516 4920
990 4903
3637 4107
52 4294
2686 2771
2434 2892
1235 4616
3151 3269
3915 4068
4129 4785
2501 4859
1445 3840
1598 2188
2823 3677
2201 3796
605 3779
1703 4573
2526 3698
3181 4143
1320 3834
662 4079
919 3383
1126 3282
2926 4600
540 3876
161 480
73 4928
1483 1624
2691 3318
1819 2326
739 4160
1029 4121
789 4470
3469 4055
2552 3704
1998 3825
678 4913
1759 2627
1099 1759
2299 2480
2701 3481
1058 3005
508 1544
2149 3412
1284 2942
1904 4243
12 2060
280 3545
1025 1636
306 2409
3955 4235
167 2105
3352 4612
1823 3861
381 4183
2560 4219
406 1521
2514 4901
1528 2613
2486 4268
270 3352
874 2304
1917 2795
1348 4790
2237 3932
1553 3716
1036 1616
1661 2651
1482 2242
637 1109
796 3747
1790 3671
1412 3069
1824 2768
2817 2839
2766 4504
334 2644
250 4723
72 389
2613 3092
1969 3164
13 1439
2221 2575
736 4609
704 936
1851 2428
4651 4821
3243 4127
602 1018
1030 4483
316 4096
1983 2503
866 4458
1264 4148
2330 3410
252 4291
2566 2655
352 4892
993 1310
45 233
67 1454
3086 3937
437 1407
5 2538
2571 4048
3709 4166
1750 2052
1250 4297
1244 4247
3229 4132
1124 3651
2888 3067
728 1027
1017 1031
385 3230
3034 4751
1613 2701
3037 3132
680 3711
475 2515
3339 4067
2842 4201
1912 2340
2699 2761
3979 4078
1000 4203
126 4495
2193 3574
207 812
473 1040
3660 4104
1469 2132
3599 3759
3703 4495
2482 2904
2001 4551
4309 4860
832 1127
779 1762
2275 2862
2783 2799
2900 4980
3196 3910
934 3140
669 2915
2217 3543
231 3555
1012 4580
2121 4965
173 2738
1856 3529
1578 4446
1134 1348
2915 4824
1501 2777
1139 2039
3355 4626
4279 4934
4494 4985
1010 3684
411 4269
2093 2247
4269 4860
4155 4370
2010 2821
318 3437
2125 3227
637 2601
567 799
942 1429
745 1733
682 2145
8 709
1955 4624
1842 2807
986 3356
2370 3557
559 3515
3518 3560
1787 4883
250 4460
1602 1750
779 3031
470 553
763 1585
3284 3600
1164 2296
778 889
395 4854
521 2018
168 3868
836 2593
3342 4260
1322 3568
1388 2989
784 1572
1457 3426
3727 4196
3108 4493
2118 3009
4034 4554
4129 4516
2483 4118
1021 4540
1427 4911
1489 3858
62 4191
1880 3921
3068 4918
4399 4510
517 3698
644 2423
2028 3881
2824 3219
3948 4710
2140 3184
2584 4849
620 3675
2790 3734
1023 3190
999 4614
3452 3604
1846 4733
1873 4247
2126 4020
1111 3023
1956 4211
502 4441
3007 3012
294 4234
1555 3251
4289 4492
1590 2088
1183 4850
1443 4748
2863 3492
467 4913
214 1512
4223 4437
986 3143
137 1753
1230 4639
207 4833
3258 3851
833 1171
499 4970
463 2469
422 3451
2227 3322
1171 1207
207 341
1312 4153
2298 4632
1023 3116
210 3277
217 1404
3420 3428
2943 3860
975 1559
595 4533
4513 4604
659 4483
1578 2791
2994 3257
555 3442
2202 2817
37 2010
3050 4657
568 1209
3615 4855
3298 3763
2554 4915
859 1241
1963 4362
2803 3232
1558 1697
626 2367
164 1099
515 4599
3774 4632
501 1671
3814 3937
2688 4368
2056 4550
3257 3771
671 3713
1766 2970
3596 3617
1916 1977
2583 3849
1961 3152
2880 4493
990 4763
1681 4476
101 2677
2392 3860
230 4010
832 2469
1157 2914
1292 4281
1488 4043
14 2724
3594 4909
52 3672
1172 2912
2235 2963
1672 4953
1033 3722
397 3384
845 2652
114 2563
435 3618
532 3431
892 3582
1761 3030
2576 4388
1954 1999
3733 4885
220 1402
878 3623
771 1471
2324 4456
2300 2306
659 4338
2441 4334
2579 3944
2519 3357
2544 4895
722 2109
96 1896
600 1050
1736 3860
2126 4860
373 1400
2180 2791
873 3072
122 1499
1567 1574
566 3679
51 2695
3133 3744
2210 3851
287 1655
999 4994
1267 1554
361 533
545 4556
578 1023
2709 3599
2166 4409
2996 3597
1202 2764
1319 2329
1113 4769
4548 4567
634 2562
703 4477
1643 2294
1229 4936
1426 2769
9 1984
3201 4143
3242 4129
2092 4733
2534 4301
1602 5000
1691 3393
146 3317
723 3014
970 4596
1060 3362
2115 3354
2024 3117
1102 2854
2085 4661
1455 4343
4545 4751
3482 4469
493 1734
1607 4675
1203 4703
2216 4248
689 1196
2711 3876
2899 4766
619 1153
4027 4459
1267 3686
2380 3807
2152 3380
3217 4904
2751 4991
1536 3560
1377 1735
2179 3967
573 2422
809 1096
2393 4680
2397 4046
2832 4725
1520 4812
191 1863
134 1526
379 2261
1296 4348
4459 4683
4624 4875
95 4451
2424 4858
2952 3627
1872 2008
614 3951
292 3435
2213 4547
2299 4167
1379 1383
906 2207
3146 3810
350 2166
1208 2685
2667 3996
209 3216
642 2162
1403 3796
379 2444
1225 1238
515 3491
539 1132
1181 2592
1840 2568
1983 2364
248 4236
141 3628
89 1605
2750 3205
84 4619
1984 4928
2844 4019
222 1778
2809 4626
2179 3447
1905 3488
2600 4859
3960 4341
178 4234
1251 3071
1480 1607
1651 3933
257 919
619 1476
2747 4146
3122 4142
1649 3427
1439 2508
1738 4278
3122 3537
1708 2625
868 3198
2763 3842
869 3297
432 3809
2787 3314
3072 4947
4075 4579
1421 4630
1062 1379
3136 3988
149 4228
3211 4851
2977 4790
1192 3379
417 1319
353 2504
1285 2031
1897 2556
250 4088
1497 4105
1394 3821
278 4090
3245 4217
284 1223
432 3481
3 2495
181 3173
3772 4522
1088 3707
802 4761
3229 3496
2220 2380
1336 1633
200 3332
375 1035
1709 4602
1032 4925
2409 3647
1438 1561
399 3438
74 3641
2088 2117
322 2942
3914 3988
1602 4088
270 274
133 1607
330 3681
924 1643
1896 4581
349 1585
1535 3634
2343 4290
262 1496
2400 4463
1088 3465
695 3825
1885 3263
887 1274
3351 4494
2711 3013
894 1929
2356 4034
575 4684
413 4208
421 516
1080 1324
2818 4630
3028 3226
1735 4672
1641 3826
69 3538
60 4552
464 1622
717 4216
317 3421
419 3426
1508 4890
1760 2622
808 1417
1544 1723
2940 3911
2368 4915
530 4846
2895 3144
4205 4733
1933 3108
1302 2422
530 2086
2707 2882
1478 2816
2880 4136
4133 4741
1384 2426
436 1837
170 473
152 3337
2279 4224
3503 4582
109 3763
1130 4203
690 3591
4081 4248
1512 3055
893 4115
707 2485
2252 4547
918 4807
1137 1426
1899 3231
391 4724
2687 3752
607 3349
836 3501
1312 2872
941 2295
1736 2584
1938 2520
789 4032
1402 3574
2212 4709
426 4731
1372 4500
2318 4226
1407 1776
2978 3494
3447 3885
3135 4380
3847 4383
1974 4987
2612 3882
807 2374
138 3912
390 2415
441 4184
1957 3568
450 949
1993 2956
452 3041
4487 4888
3154 3837
2436 2651
2865 4364
197 2346
8 2497
2419 4649
2379 2565
2153 4149
129 4007
751 4073
3364 3376
52 4245
1702 4777
2398 2756
553 887
162 2938
497 2761
1397 2071
1437 2797
1288 3372
1871 3414
2654 4347
548 2709
3178 3880
2271 3699
2648 2890
891 2591
3344 4123
4072 4185
2625 4845
3086 3475
4529 4730
2339 3954
1788 2159
805 1857
2262 3554
2412 4040
843 1981
587 2645
4127 4335
954 2677
696 2853
948 1701
2347 4081
2091 3554
2127 2237
30 2889
829 2345
1353 2214
3120 3546
994 4997
1827 4516
1416 2142
992 4440
351 4577
225 947
363 4600
389 1766
428 1040
2904 4300
2537 4147
688 2489
1001 1768
3689 3876
1153 1658
964 2442
2091 4253
472 2632
1098 3297
691 4564
3098 4814
966 1701
1252 3246
552 2896
4526 4541
928 3835
2236 3836
3389 3749
2449 3032
595 1756
1458 3027
3805 3970
2732 4612
1841 4711
2776 3493
106 3556
729 1766
792 1449
2872 3749
3681 3742
2425 3372
1622 3809
337 1460
2638 4217
2649 3147
4242 4404
390 4380
1398 2936
3014 4007
941 1841
1651 1960
1997 2672
2243 4623
537 2851
2216 2359
184 4434
2692 3043
2334 2341
2951 4026
2314 4731
2387 3354
959 4027
553 2874
1334 2181
3099 4725
2950 3619
2803 4911
3587 4194
4231 4339
454 1816
1008 3309
1465 2811
1851 4442
1624 2950
1692 2350
1009 3750
2948 3495
2821 4053
961 1633
2783 4868
4251 4877
1781 2795
195 2991
326 4002
235 821
3491 4329
1098 4442
697 1471
958 4938
346 4012
3094 3574
431 1795
1170 2442
1683 2501
2098 3920
1848 2065
3334 3872
1561 3305
4452 4475
2255 4181
3200 3680
3110 4691
2309 4202
2254 4571
752 4044
2195 3300
1993 3002
15 2841
432 2773
2475 3690
4415 4568
817 4809
1811 2630
409 4048
1 1591
221 3216
731 3304
12 2631
4183 4486
1528 1855
3293 3704
1946 3938
1067 3952
3351 4593
361 3180
95 587
3011 4962
84 3664
723 3895
202 2625
3660 4429
1540 3672
2545 4158
2325 2844
630 1277
2283 2443
3173 3258
1385 2041
832 4724
2590 3079
4658 4698
3083 4174
1976 3745
1942 2036
1944 2310
1634 4775
3463 3890
1078 3114
2456 2780
1848 3836
510 4105
2911 4967
1203 4962
2149 4617
4044 4275
3467 3688
1756 2411
1551 3229
1770 1851
918 2252
457 543
2562 4306
63 1478
1825 2773
516 689
2347 3969
2692 3630
2818 4219
81 2327
435 1546
1546 4932
191 2217
708 4702
223 4662
2054 4513
101 4665
380 4762
53 902
606 3309
31 4838
583 2444
1213 3493
1721 4408
580 2284
3717 4726
2031 2151
1914 4896
3500 4757
1886 3950
1126 4855
2217 4810
2 2792
1663 2506
1523 3283
3477 4735
1013 4284
2395 3355
2731 4002
1061 3654
599 3136
119 4442
1246 2661
2742 3880
875 2557
2545 4159
3059 3824
2770 3051
2916 3805
2431 3054
2584 3072
234 1626
720 2923
1 2389
159 1155
1170 2179
2187 3092
1032 2685
2138 4323
1040 3169
632 3475
554 1693
374 4556
590 828
315 1933
292 1830
2038 2889
4435 4977
782 4340
1773 4452
2093 2394
126 3305
244 1527
2169 2261
2356 3914
47 4979
329 489
1749 3819
282 3646
2039 4094
2714 2741
1798 2252
1260 2192
481 836
100 1036
720 729
2439 3805
1117 2790
2370 3829
894 2071
217 1094
176 778
1878 3739
65 476
964 2932
1515 3342
1862 3115
1951 3983
1301 1899
30 610
1662 4807
2468 3341
1061 4489
2508 3186
422 590
1108 3761
741 2746
3298 4276
1316 3728
1960 2227
231 1240
1153 3540
91 3356
4380 4706
135 1696
1829 2017
2226 4416
1402 2358
3436 4049
2882 3218
185 4714
673 4169
2 1623
4519 4623
3304 4870
3528 4981
3013 3269
936 1413
2788 3099
3274 3454
2676 3703
832 4132
1915 2251
1959 2187
2261 2653
2808 4064
2148 3235
2132 4994
315 790
3218 4928
1109 3621
1137 1999
234 4778
1558 2131
3441 4346
40 2395
4573 4664
2105 2339
603 2773
362 1291
1693 4624
502 1663
1111 4961
583 2427
153 4686
3191 3962
3367 4062
790 2255
1466 3366
2051 3044
3857 3883
2197 3034
1794 1909
1696 2943
1440 3859
1568 3855
2092 2536
2261 2659
2999 3574
2549 3505
199 2973
925 4721
2488 3182
771 2615
1276 3224
113 775
4462 4489
236 3941
206 1078
368 836
2146 3195
2041 4860
1452 1792
2083 4450
1634 3489
676 1744
832 4497
2551 3029
1216 1526
173 413
4850 4947
367 4049
1720 2817
1809 2724
2131 2785
1861 2113
530 2258
1764 2563
791 1840
3036 4051
758 4445
898 3443
765 4464
4100 4925
894 4038
3598 4600
657 1362
415 3784
1649 4072
2172 3679
1387 1392
256 1843
3636 4588
1560 3623
1614 3055
117 3419
2433 4327
91 1494
3570 4704
3402 3676
172 502
1874 2025
2145 3960
4190 4638
2868 3527
2415 4550
219 3108
132 3034
1610 4027
37 2366
1773 3579
1578 2867
2125 3390
1569 2138
2067 2640
2897 3512
1050 1854
899 2310
2616 2646
742 3096
2586 3003
3504 4939
1678 2109
1715 4485
2685 4585
244 2433
1418 2402
1660 4619
68 3140
2188 2415
2695 4469
3805 4142
3786 3788
1508 4261
1049 4002
376 3336
1742 4724
2084 2822
1867 2360
124 1111
3389 4486
36 2405
2203 2908
1396 2008
2778 3520
3042 3586
1377 1482
2026 3260
226 3420
816 3567
3307 4022
1085 3023
4205 4305
99 752
3716 4438
1412 3847
2859 2975
1457 4883
1185 2982
424 4421
1153 3321
4453 4653
1833 2469
528 2848
1629 2560
497 4664
1680 2170
1910 3553
1637 4557
2093 2373
1220 3692
295 4671
1647 1687
1345 2378
1380 3632
740 4879
2968 2970
482 779
2824 4492
2065 4746
788 4222
770 957
1178 1807
2774 3515
1772 2523
653 998
1545 2680
1503 2519
854 4380
2169 3316
3321 4497
4172 4625
724 4094
1186 2684
1167 2718
974 3372
788 1603
1327 1502
1051 4919
865 2052
1055 3409
1654 3619
342 1415
2889 3881
2627 3399
1537 2824
1281 1450
494 4434
1701 4139
3581 4063
1029 3962
376 4906
976 2296
1245 1846
2497 2674
2140 4882
4239 4282
116 1212
120 2974
1197 2343
2010 2106
1633 4824
1320 4763
1412 4720
1135 2294
4421 4544
2864 4146
2798 3736
136 2353
2404 2683
1120 4173
3801 4724
832 3634
47 3007
4146 4932
708 822
3676 4747
1427 1664
1352 2779
1669 3266
3809 3837
123 2567
571 2236
2837 4773
1113 3951
156 3902
873 2376
2285 4786
186 2183
2872 4091
1246 2143
52 2348
1725 3990
123 3955
3023 4772
2615 4008
40 2549
1617 1931
295 3685
2165 3055
1098 2922
3961 4251
1501 4322
1306 3980
1852 4389
1329 3195
2749 4719
919 2438
3132 4913
2887 4022
105 4915
1848 3894
384 4025
74 3264
3048 3943
1205 3276
3476 4437
2016 3478
807 1480
693 2892
833 1439
1154 4742
2135 3885
781 3446
1673 3941
3183 4391
1205 2256
1029 2804
1572 4507
616 4511
924 1954
1427 4644
254 1609
441 2310
3126 4427
2036 3459
37 2479
792 3862
1113 3914
1575 1988
33 1843
3881 4323
4135 4776
788 2740
14 890
3555 4727
990 2746
379 1418
1620 3980
1676 2914
637 4680
2379 4436
2988 3170
284 3952
1219 2354
3192 3429
699 3596
1199 3670
813 2668
3256 4151
1207 3942
719 4308
1994 3024
495 1770
1893 3165
670 2950
2766 3395
1141 4016
1185 4941
820 1901
1000 3748
2543 2998
83 2988
3434 4584
283 4835
3481 4999
1485 4364
150 1347
1548 3035
1872 2898
3293 4073
1396 4183
1531 3518
2054 3039
4006 4756
1569 4420
48 2141
156 497
401 3131
3371 4616
735 3644
167 4109
4361 4540
781 3438
3512 4849
1813 2338
1122 4128
1663 4930
271 2744
1196 4241
918 4734
4462 4861
164 3353
829 2625
915 4477
2963 4704
2266 3142
4470 4544
3763 3795
180 4477
1145 3470
1400 3582
403 2303
516 3763
1556 3944
1685 4466
2680 4612
4333 4612
1519 4567
731 3277
1386 4091
3573 4286
665 4450
782 1250
2499 3215
2277 2580
2574 3093
1827 2305
1857 1987
79 1416
813 1024
636 2620
1474 3286
2639 4337
1232 3601
1888 4456
2429 3452
3278 4526
2342 2747
4398 4772
1719 4594
377 2459
2734 3370
660 3949
265 2353
2325 3812
2866 4300
3325 4182
245 4984
2258 4527
2161 4491
4810 4853
2725 4098
954 2965
2363 3763
3189 4687
783 3115
2784 4384
506 3220
3605 4081
2375 2974
1029 2936
159 3898
2396 3758
2752 2935
2081 4491
2793 4631
91 858
3225 4970
3532 3726
619 4118
588 4657
2440 4761
3400 4974
2810 4347
1635 2121
2775 3879
887 3627
563 2367
1969 2957
638 1980
113 667
2875 4315
4266 4286
3739 4136
522 3693
1477 2614
105 326
2279 3207
2198 4586
509 4499
1223 3446
2401 4333
1209 3423
635 4957
1695 2184
607 1170
350 1830
3889 4978
2536 3611
2418 3553
1810 3792
3826 4951
3426 3911
755 2342
1542 3782
2017 3414
4245 4295
1028 3930
3014 4509
285 2921
285 2870
659 4882
794 1957
3897 4399
93 4439
3675 4215
1159 2221
2893 3531
2084 3466
2000 2787
3367 4541
2653 4057
2382 4847
318 2601
27 1886
1888 2379
1158 2884
1646 2339
360 4240
1623 4514
2686 3279
356 3377
772 2002
1830 4500
3060 3298
3300 4042
339 1030
2334 3870
455 2697
28 618
1372 3197
407 1701
2757 3931
2085 3418
1101 1308
65 2500
1702 3185
189 1680
2211 3960
1027 2419
2508 3926
2351 4326
1768 3587
3478 4064
381 945
220 3462
2411 4566
2737 3553
2566 2868
2061 4458
1068 2344
639 902
3046 4277
420 3637
696 2877
1040 3364
87 1013
1642 3555
9 2334
937 1056
1715 2012
1977 4897
2899 3510
2857 3155
2222 3187
2571 3845
2464 3150
1853 4854
1885 4709
466 1190
4120 4497
2849 2976
479 2349
1487 3547
2228 3253
3834 4715
12 3305
753 4244
2337 2553
1914 3716
829 885
59 2298
704 2830
437 2758
360 1563
246 4530
1205 2451
2608 3889
2598 3423
368 560
1159 4854
2891 4651
2354 4075
407 4956
1749 4188
1919 1988
2343 2490
1994 2972
1920 4934
1163 3960
1937 3697
1395 2827
1205 2713
282 4244
1348 1722
599 3797
1334 3773
3226 3814
2886 4974
730 2125
69 1703
811 1694
850 3932
1695 2827
3405 4702
1153 3641
1747 4169
4175 4318
1269 1398
3127 4233
1639 4044
610 1413
1275 2466
577 3548
386 3077
2013 4021
1466 2208
1075 2627
1489 2862
681 3944
1732 1796
2250 2428
756 4764
79 981
3400 3929
2340 4400
847 3427
3069 4383
1885 4255
4611 4951
3402 4624
4610 4651
1098 1445
3726 4205
3207 4478
2931 3548
28 3608
1033 1440
1148 3134
2216 3578
1663 3620
3588 4902
1423 4015
1012 1132
376 955
3460 4408
2996 3985
263 1403
232 2916
2088 2673
78 4624
533 4467
1766 3892
2446 3514
4327 4431
308 1738
2198 2490
253 2425
4091 4190
3334 3415
421 1849
3294 4877
1762 3429
1314 4773
1983 2329
1033 2529
1214 4347
671 1496
1997 2360
2294 3078
3656 4415
2198 4797
646 3778
2327 4951
4508 4535
2417 4837
4554 4856
201 4941
989 2152
822 2774
608 3769
2306 2567
1990 3494
2759 3470
704 2483
1425 2246
358 377
2764 3715
953 1710
2200 3421
2190 4283
4147 4165
2825 3006
1862 2432
693 3259
1451 2143
656 2010
4434 4697
2110 2348
3858 4523
2792 4925
1043 3261
2701 3680
1686 3829
1029 4248
974 1533
1628 3653
33 2986
967 3210
564 1580
985 2025
213 2284
269 394
2449 4848
403 1452
2843 4637
3484 3732
22 2088
2079 3632
1095 3486
4409 4621
2438 2856
1581 3735
1276 1375
1789 3645
1825 3270
3552 4263
941 1564
1970 2058
3491 3518
316 4014
2149 4677
57 4707
579 2670
932 4675
368 3384
2274 4548
1075 2527
2234 3076
1907 2979
354 2764
3407 4092
3713 4595
2335 4638
2290 4659
771 3041
918 2415
1275 4429
2528 4392
620 2713
2114 3074
1316 1643
2426 3722
1217 3023
1202 3985
2859 4104
498 1643
1504 3094
3621 4401
454 544
2253 4125
229 4783
1007 1402
19 508
1549 2671
3436 4495
357 2066
543 1474
2517 3005
379 4357
1729 2225
3288 4314
3461 4388
4448 4842
1873 4614
2985 4136
3927 4653
1756 1863
2087 2106
673 3291
3150 3792
1975 2526
1543 3506
2084 2471
564 4858
1071 4262
1786 2110
1651 3127
1536 3138
2795 3977
297 1703
1517 4653
203 4487
175 4417
114 2886
1931 4238
936 2119
1740 2924
2561 4873
183 4700
675 3031
2641 3302
2456 4688
131 4131
3858 4786
939 4878
1437 4545
4213 4728
2072 2613
753 1337
1351 2761
752 4090
998 4244
2757 3904
24 2415
36 1432
1049 2998
507 4880
3383 3582
1071 2081
971 4502
546 1843
2772 2970
1910 3549
1851 4803
979 1597
2499 4712
1593 3844
664 2277
1279 4419
74 2546
62 3059
331 1151
92 3020
26 2669
852 4878
722 3076
320 4554
3246 3645
579 1415
2905 3210
77 2551
3611 3828
1575 2758
3980 4593
3730 4359
159 3943
1099 3638
664 2906
1182 4699
3388 4282
1130 1758
202 3537
4228 4230
2221 3638
2506 4236
970 4371
2501 3981
25 334
760 3649
2595 2968
4090 4467
388 3501
801 1071
2979 4325
2996 3145
2619 4694
3550 3565
2701 3432
2330 4056
1759 3972
3846 4095
2906 4305
1487 3837
362 4711
372 725
2179 3893
3182 3942
1776 1893
745 4686
3449 4166
885 3319
204 1803
300 4029
1695 4253
804 2625
1105 2064
228 4780
2695 3837
733 3909
1389 4223
2889 4166
393 2942
529 4013
1003 4293
1709 4697
1657 3675
2982 4784
1535 3451
3405 3840
2563 2887
3965 4824
1171 1632
108 2043
259 2190
1569 3981
501 2097
1902 1936
3799 4802
2848 3741
828 2689
1151 2967
761 1234
2509 3260
44 4216
1067 1643
3692 4786
1687 3739
3010 4079
735 2261
3165 3644
2389 2528
244 966
1028 4057
2552 4547
3323 3765
471 3876
1242 3288
3225 4786
2633 2706
2040 2922
1272 4925
3206 4829
225 373
918 3383
2490 3314
1893 3696
227 4390
2616 3945
2117 3289
1602 4792
3643 3959
2067 2511
1105 2424
3447 4615
25 3610
997 2372
1471 1802
976 1082
1158 4984
2837 3914
165 1518
2970 4145
715 1474
1772 4694
1540 4625
1381 4736
2906 3146
949 2923
3078 3400
170 1292
2922 4443
2061 4226
3035 3136
1826 4241
1329 2846
1419 1487
1674 3949
1738 3433
1777 3933
589 3751
2226 2606
2244 2291
1595 2025
3703 4977
657 874
1997 2771
871 4015
428 1342
1067 2570
3468 3938
3880 4975
75 2277
1676 3176
4605 4616
1987 2901
1121 2126
4867 4930
1225 4633
1024 4228
1701 4308
2984 4152
425 2861
2142 4737
3245 4358
1069 3713
2384 3328
1823 2361
498 2479
412 4416
1484 2487
71 285
2626 4664
190 902
3474 4521
186 492
1344 1806
2698 4524
488 4408
1779 3120
866 3534
445 2899
1392 4979
1129 4337
3559 3723
2567 3870
1987 4914
1364 4473
2267 4188
2183 3091
3062 4251
3870 4067
2570 2627
1916 2677
3552 4782
668 1828
2914 4329
1868 3037
304 2690
2176 2830
571 4453
2556 3496
1380 3943
367 4553
2539 2920
167 590
319 3103
187 4543
2236 4159
3295 4657
2079 4763
2854 3050
1786 3288
56 2819
1478 2250
2005 3771
604 2092
3557 4744
3494 4578
4306 4831
3582 4605
4477 4665
1358 2654
177 2530
52 4987
42 4305
1019 3712
765 932
1730 4026
3736 4694
2149 3923
408 2375
77 3812
543 3841
2951 4095
3470 4582
1600 3977
2005 2717
2117 2702
1000 4311
2140 4176
1948 2847
984 3846
1618 3120
122 362
987 3680
1150 1977
3208 3483
2373 4322
1015 1205
237 997
2116 4554
3435 3485
2975 4638
944 4920
2794 3693
136 2642
316 786
406 1788
1060 2629
756 4828
3248 4181
109 2355
451 1737
1269 2432
3450 3728
652 4088
531 3921
1954 4940
2651 3058
179 3761
2003 2421
1022 2308
148 4262
312 1243
3116 3643
644 4797
1815 3979
702 1658
3632 4711
4 2922
2595 2652
3405 4549
2527 3031
195 4945
559 4914
3006 3401
3833 4950
751 2636
1264 2586
2026 3862
1837 2637
216 2613
1946 3025
797 3646
2874 3401
1107 4435
1425 3244
109 2521
269 2422
1654 3116
3655 4611
3185 4161
1750 2308
2071 4299
1404 4191
1373 2111
3275 3290
1344 1680
3053 3078
2305 3357
3308 4838
4323 4952
43 958
917 2437
251 1244
2100 4165
69 4149
256 706
2417 2570
4525 4747
3201 3826
1953 3098
1640 3484
4530 4810
2941 4687
3650 3964
1778 4881
958 2926
2791 4895
791 1093
792 3838
1424 1904
2463 2531
2490 3599
2768 4002
313 2555
1321 2536
1625 3488
704 907
4315 4820
2940 3394
830 3294
2377 3959
2098 4066
39 360
3625 3657
2147 3916
3221 3301
889 4502
244 2248
1646 4397
2279 3287
2510 3571
2499 4959
543 2288
2724 3401
645 2672
32 1752
234 3778
112 2187
1570 2804
1130 4185
1912 2747
1021 2857
3640 4071
2053 2858
1869 4583
4083 4242
175 2187
178 4419
1351 4580
1074 1787
1067 1244
3524 4301
990 1872
2028 4611
3740 4932
2051 4711
2396 3716
557 4794
3208 3358
1670 1761
408 3079
2528 3082
3403 3543
380 3463
58 429
159 3364
2112 4112
1661 3858
928 2511
131 1901
1394 4441
325 2489
2957 4779
2124 4386
2984 4066
3776 4382
910 1236
3866 3985
1270 2336
325 2834
175 2395
588 885
468 3931
3127 3700
317 2878
2304 3117
864 4239
1915 2635
1897 2338
2107 2432
2961 4316
21 4312
2976 3538
326 1836
1491 2351
530 3581
3334 4126
687 2063
660 1215
550 4853
190 1125
926 4298
2730 3562
1952 3066
4358 4730
800 4620
624 3782
196 1700
3108 3879
3315 3795
2674 3391
108 702
824 1238
876 1812
1256 4870
314 2962
467 3232
475 4608
1224 2026
591 1667
3996 4417
2684 4696
524 4391
4262 4857
964 1460
700 2389
1059 4782
652 997
643 4594
2913 4853
2132 4465
115 4449
2178 2362
822 2732
1066 2194
866 2417
396 4428
58 3206
787 1417
2825 2989
1389 2729
1180 2458
789 3091
3073 3429
830 3724
1758 4824
2193 2317
3862 4437
2643 4642
239 4480
44 2414
2467 4788
443 3781
1547 2134
2467 2669
2334 3576
589 4430
1296 2155
2899 3683
319 410
3429 3592
1001 3143
2662 2813
197 3877
2883 4524
2970 4965
547 1515
3445 4826
2235 3764
1341 2057
1436 4596
28 2811
3775 4240
125 4803
83 596
2507 4269
1113 2876
413 3268
1031 2370
4661 4946
3158 3485
600 4942
294 4790
3458 3863
1734 2108
967 1182
2458 4535
353 433
250 3782
2495 4952
726 4996
517 4243
584 953
3013 3553
149 4902
487 2803
493 2231
31 2798
916 2009
900 3054
4036 5000
1738 3204
1278 2670
3165 4677
1451 3961
541 3740
4577 4757
845 4313
1232 1894
708 1312
90 4424
847 2331
2492 3273
1279 4707
2316 2652
1404 2791
1395 2740
154 347
4024 4540
337 4869
1152 4888
2963 3295
322 3351
1159 1309
120 1637
492 2757
1124 3261
349 3980
1583 2610
1266 3418
3076 4675
858 4957
469 1219
1880 4643
956 1459
1369 2889
272 4351
125 1015
2087 3484
841 3284
2707 3563
467 1169
969 2729
2020 2471
196 4187
1181 3352
2153 2345
2630 3446
110 311
2618 4136
3043 3364
1065 1261
970 1515
137 1148
295 1649
3014 3738
3717 3774
2095 2651
836 934
188 436
265 3168
1296 2337
114 2837
3225 4687
1218 2446
582 2024
982 1358
2332 4637
1708 1775
250 4530
2795 4209
2934 2951
307 2913
3679 4052
630 3973
1618 2814
2839 4313
2044 3977
66 427
203 411
1023 2403
3501 4338
1159 2098
1016 4238
127 4855
1527 4902
528 3254
1364 2436
1921 4828
1027 2289
3 2272
692 4279
3796 4020
3994 4579
4407 4434
2307 2551
982 4955
881 4334
4244 4376
1807 1902
4282 4508
2583 2984
2993 4389
2654 3082
1178 3793
3217 3852
3311 3872
1163 4804
1375 2144
651 1428
4029 4844
1064 3694
3313 3839
413 4690
702 3666
2523 4407
355 2489
2854 4610
1573 3284
3723 4120
2357 2767
1544 4071
1511 2297
1816 3611
1745 3477
225 1146
3273 4792
1939 2305
1654 4142
1604 1756
1942 2531
1141 1609
139 4992
427 2813
3236 3742
2690 3285
972 2113
30 471
1174 2605
315 2175
193 3783
3707 4910
523 581
1294 3676
3947 4836
2651 2844
2625 4971
2302 4428
313 4663
3250 4035
2204 2908
1321 3550
617 2431
1925 3546
1170 4244
365 1556
746 4676
1176 2668
724 3761
636 757
314 4673
2061 3023
150 4874
940 2938
3865 4919
3392 3872
2673 3208
248 1755
1933 2693
1369 2516
1033 1527
1347 3909
2057 4385
2271 3279
76 2209
511 4487
1426 2945
3586 4258
1846 2647
1090 1943
3060 3825
4503 4546
2504 3606
1695 4940
606 4426
428 2659
968 4051
1470 4992
2622 4375
3398 4842
389 1599
1896 4738
2390 3567
2573 4358
2907 4729
3506 4000
2596 3068
1816 2246
1853 3590
2853 2996
2449 3656
177 2324
1012 1947
560 814
1177 4778
1502 4090
1943 3708
1666 3032
698 3871
2595 3460
1183 2819
2650 4891
947 3139
747 4685
69 2262
3611 3932
1904 2303
940 1067
101 2720
1908 2930
1310 2312
938 4863
3647 3893
661 1794
3386 4568
2744 3590
2742 4694
1649 2629
2405 4649
442 4547
4126 4327
1365 2033
2783 2906
833 3777
1854 3301
71 3513
2027 3109
407 2279
4152 4988
25 2706
1501 4293
1399 1890
3319 4462
2119 2990
1468 4698
1474 4722
1546 4647
406 4835
1029 1623
160 701
3985 4553
1958 4786
2534 4006
1766 4727
4155 4802
2622 4881
1439 4425
2091 2985
716 1605
2095 3782
56 2235
298 2271
1548 4709
1631 4878
2551 4383
3153 3166
957 2117
866 1547
2647 2773
1642 1901
3 2551
4451 4516
1693 3415
772 4363
531 4703
3919 4208
133 4766
2265 2392
676 1123
194 1212
790 2377
1465 1566
485 1504
923 1484
2046 4742
2618 2761
1530 4317
3487 4428
3011 4703
800 1476
1877 4581
1739 2682
2146 2898
1062 1752
2280 4420
1996 3343
1773 3044
148 2490
3128 4426
457 3002
395 3038
262 504
2554 4622
3008 4563
2972 3033
1156 4044
58 4807
2401 4290
1870 3954
2047 4152
330 4834
1214 2809
71 3645
2216 3897
1958 2062
330 743
2354 4744
319 3356
207 3906
2231 3562
1026 4604
4093 4449
3962 4964
3211 3583
1541 1768
3090 4023
2464 4933
1257 2092
1627 2019
305 4520
1731 4908
154 3039
3023 3965
4054 4933
784 4357
830 2112
1780 2371
1657 4144
1269 3087
1956 2763
4781 4891
1134 1582
3425 4766
2440 3176
3377 4300
679 1209
2672 3876
3055 3515
3049 3460
115 2726
505 4215
2454 3221
1022 3789
885 3802
467 4155
1885 2465
2042 3488
1444 4428
2793 3073
2429 3607
334 2046
1241 3212
3363 4109
1035 1489
2634 2933
1207 3888
2070 2868
2485 3745
266 283
749 4523
1520 3380
3120 4824
461 2415
3694 4379
717 2957
1141 3003
2569 2711
3312 3776
655 1993
177 3437
2337 3791
58 2099
2824 3209
479 1085
2029 4403
352 4853
851 3102
3806 3906
1366 3787
795 1601
989 3984
331 4043
604 2453
3131 3494
2898 4386
2608 4724
828 4341
646 4756
246 2690
2621 4346
398 3863
3244 4873
2369 3359
3238 3262
2368 3403
3766 4423
901 1262
2085 4750
82 4731
975 1115
1411 3810
2316 3761
1408 3256
4114 4964
617 3033
887 3367
1147 3450
1263 2181
1516 2017
4524 4769
2466 3053
661 2149
2107 4722
1334 4032
2041 2198
92 2516
2612 4217
1224 3765
2168 3308
1483 3283
1123 2488
845 1373
194 4521
2421 3764
3019 4173
1350 3454
468 4784
461 1853
387 3880
1412 4685
4274 4627
3620 4263
970 2487
944 4437
2597 2771
4198 4920
2102 4077
3329 3710
1457 2533
2245 3586
549 2064
838 3810
530 3743
1677 4805
849 3876
269 4755
1563 3885
340 488
847 4497
3978 4723
1549 3553
2589 3437
463 4626
4652 4799
18 3791
3124 3652
984 2089
160 3095
3297 4077
3002 4035
1200 3667
2682 3662
2018 3267
1245 4379
102 247
878 1648
256 4857
2271 2447
2264 2370
512 2234
89 2186
1702 4705
198 4766
1407 1537
2937 4335
1595 3720
1957 3560
971 1384
3714 4695
2479 3296
916 2226
1442 2603
2906 4078
708 2540
1402 2946
2265 2702
4086 4908
4351 4616
398 2580
3422 4886
3529 4915
627 2736
287 3410
1000 1811
143 2390
2524 3814
1242 4145
220 3207
751 3414
752 2257
76 371
565 1629
1632 3818
855 2264
2136 4175
884 3342
2977 3666
199 3385
1559 3511
4367 4477
1281 1574
4357 4863
2358 4875
2590 4984
1202 1377
4732 4949
284 460
1384 2626
931 3945
977 4268
135 2407
2599 3604
3053 3970
2266 2412
31 3514
1255 3004
1474 2825
1912 1977
507 4460
1285 1492
1966 3149
735 2008
1185 3269
2365 4194
3756 4457
1235 3100
4210 4650
501 4369
111 4162
2483 3908
44 2656
2871 3325
900 1661
2286 4364
685 3693
1986 3115
3029 3834
768 3480
2682 2830
2515 4513
826 4791
2471 2839
4373 4482
2481 2528
1284 3969
3748 4351
698 1633
1405 1519
67 4161
2795 4806
2269 4421
2676 3141
78 3078
1565 2552
969 4697
4879 4975
1258 4799
2743 3808
917 3376
877 1796
678 3470
2173 4435
2197 4247
4286 4398
3012 3707
2094 3081
4206 4326
1601 2560
2156 2936
436 962
307 3941
2528 3179
494 2218
3225 4915
400 4451
3255 3330
1182 1197
1164 2036
776 3487
413 4392
194 1703
2314 4666
2462 3937
2655 4836
851 4147
2093 3561
924 3734
2051 4425
857 2475
506 2967
257 1822
438 2211
4234 4846
702 2212
4023 4633
69 3477
2037 4120
902 960
1085 1315
2851 3997
2244 4184
2047 2402
773 1847
3146 3481
4145 4481
705 2640
1717 2368
2127 3753
2947 4244
1385 4985
684 3418
1450 4771
4456 4815
230 875
404 2371
2740 3167
946 1546
2604 4724
2142 2254
527 1281
777 1231
941 2749
775 3738
88 3438
2890 2929
1361 3584
1624 2761
3287 4734
1777 2725
1145 1348
395 3543
826 1091
2189 3932
1145 4378
199 2844
854 4057
1113 1391
3119 3548
4062 4991
1305 3658
2660 2901
384 1030
3396 4554
2381 2489
287 1137
1244 2888
2746 4505
3241 3983
141 4743
1670 2994
2493 4186
161 1986
1482 1590
2315 2833
1980 2761
695 4250
58 709
2127 4367
911 4516
1160 1504
718 2462
1974 2653
938 2611
3575 4503
85 2391
1553 3408
659 2050
1478 1789
2461 4334
2218 2365
3519 4565
4363 4452
254 1723
422 2013
484 869
844 3910
463 471
4052 4665
1038 4119
1676 4915
1135 2660
167 2613
1988 3014
2358 3654
2373 3429
172 1883
2006 4856
1409 4621
1086 1759
692 1216
1365 1726
1308 2484
3008 4874
755 3357
2574 2799
377 3204
1000 3812
1570 4679
1877 3245
2085 2356
2924 4644
2933 3000
2240 4226
2264 2413
1559 2155
610 1553
1199 4819
272 2656
2005 2793
2256 2285
2592 4870
4327 4834
975 4536
1431 3616
773 1327
903 2689
3463 4018
3107 4246
447 699
2514 2901
13 3712
1037 2895
3763 4231
1168 3986
1912 4288
1838 3250
1696 2942
4 4539
163 1581
2701 3906
304 4203
879 2411
1849 4886
2423 4824
2156 4454
2203 2901
751 4545
1312 2484
4289 4943
201 1604
3935 4112
1132 4715
390 1045
570 4472
1045 3873
2865 4487
614 1585
1940 2869
663 4946
2938 4936
1281 1588
1137 2611
285 3620
378 2065
3442 4215
2121 4772
2536 4429
3247 4266
3179 3489
2050 2892
2824 3860
1111 1510
3323 3567
3173 3736
713 3956
1359 4828
996 3198
1760 2402
3549 4882
308 4234
892 1918
1324 1593
887 3905
2739 3678
1491 2054
609 3285
450 2134
1877 4927
3024 3979
1747 4610
3204 3564
680 4467
46 2109
3100 3587
3114 3719
4532 4652
1839 4670
1047 4678
2606 4590
419 721
1580 2843
1405 4071
829 3513
3636 4098
3339 4165
390 3203
1364 1639
1783 2620
417 3436
329 1912
1627 4932
2383 3688
955 4984
2169 4585
2126 3288
566 1191
725 2786
2850 3736
289 1358
3701 4686
851 930
3156 4433
2043 3868
783 1906
653 4458
2612 4524
462 923
2484 4279
2311 3932
4636 4870
256 2999
3090 3163
1866 2601
1347 2456
2316 3280
1017 3219
795 4165
2610 4568
156 4166
2510 2613
4028 4297
26 3327
2950 3290
4108 4257
630 1974
2275 2659
1386 1879
2834 3192
896 2278
325 2906
554 3045
2602 4306
1015 4017
2715 4747
1478 3041
1835 2715
2716 3523
692 2539
2424 3626
1451 4094
1787 4793
1772 3830
1144 2589
4393 4644
2809 3000
1859 2866
1562 2191
151 2795
937 1932
2207 4837
2111 2226
64 2065
2800 4243
2247 2488
3661 4277
1623 4015
566 1521
34 3531
1811 4180
4240 4680
412 3218
2057 2505
2796 4838
1191 4642
3326 4128
1299 1620
2223 4894
278 1124
88 2015
4089 4538
1279 1424
1814 2064
3534 4954
2780 3000
3618 4142
349 4387
2377 3260
657 1916
2661 3505
1152 4772
2630 3208
1553 2845
718 2075
1517 4986
1357 3859
4035 4883
4894 4913
2622 3120
3313 4264
1399 3674
772 4791
328 3316
3124 4299
201 2475
260 2652
2300 2607
3400 3419
355 2389
3195 4166
591 4799
2197 4961
438 2630
976 2206
67 2899
393 4013
2202 3963
2477 3548
901 1783
1780 4148
342 4809
425 3665
2142 2427
1110 4984
2068 4062
735 820
4596 4869
2142 4124
1756 3896
4096 4524
1237 2635
286 1430
3139 4313
994 4148
2371 4207
3120 4646
1238 1565
1047 4959
208 4361
2267 2498
1525 2762
1210 4976
3448 4280
111 3587
496 1946
63 4205
1777 4327
3382 4706
2225 3662
923 2155
781 4754
3458 4146
243 3577
149 2227
474 1202
1097 3178
1328 1892
2786 3351
238 2695
2445 3820
1379 3814
2117 2818
3010 3595
317 4661
3203 4288
107 1885
152 1176
1591 1975
1325 3196
2299 3675
730 4156
3638 4953
1254 3868
252 2114
1050 2336
855 1047
1434 3560
824 2194
804 1839
2219 4324
304 694
2636 3617
138 696
4111 4613
1784 2889
1567 3144
4620 4954
3398 4700
1936 2770
2973 4104
671 1527
1017 3050
2780 3803
109 4733
1997 2023
2622 4396
3173 3696
1991 3852
197 4456
74 2575
518 2993
3480 3818
159 1692
10 684
1792 3646
1221 2399
2915 3703
346 697
2954 4008
26 624
2565 4073
80 3410
559 3256
623 1100
141 2025
1066 4354
2877 3729
1272 3747
635 4593
3404 4710
661 3298
48 1924
537 4827
4152 4831
1809 4463
3106 3206
2880 4528
156 2097
2721 4369
2763 3817
3660 3967
388 4496
341 856
1597 2871
2321 4132
4185 4907
776 941
2695 3976
1325 2581
2120 3226
2126 4374
2046 3184
136 1073
1769 4982
3107 3861
2770 4066
3248 3474
1858 4223
585 1206
3648 4537
3098 3198
244 3028
714 3146
359 3901
3673 4130
39 1131
2397 3850
3626 4517
1771 2351
773 3720
4438 4892
3048 4354
1577 3862
412 4645
3292 4992
49 4008
2616 4919
1208 2918
2152 2875
1184 2942
1594 2426
2020 2085
770 2274
2827 3973
260 4294
1485 2843
1208 1873
381 1081
468 3703
3309 3977
248 1088
29 4609
1062 1076
3111 4315
2710 3810
1791 3971
765 4278
270 2185
886 1479
1855 2434
2188 4967
2986 4348
11 3264
564 1953
2039 3339
1992 2144
1794 2693
300 1396
1817 4517
1190 2204
915 2519
2501 4027
1124 1150
3715 4380
2902 3068
971 979
2322 2719
1887 2161
1586 3207
1234 2880
3745 4550
689 855
4331 4916
1914 3499
2851 3486
3666 4363
1420 1964
1644 4597
1918 2236
4767 4953
1351 3726
189 2707
885 937
588 2361
1125 2152
953 1889
652 3378
257 4529
250 3032
343 2757
4279 4354
2000 2949
2543 3947
2465 3620
289 2906
1630 4809
3001 4367
549 4308
1193 2273
753 2206
2652 4709
1563 2777
1502 3334
246 2800
4166 4639
1055 4110
1744 3034
2802 3939
2500 3288
576 3115
840 4808
3220 3973
2995 3161
282 1605
697 4207
219 4400
2001 3032
3468 3886
438 4404
3918 4520
413 3987
3005 4882
2427 2934
3634 3856
3664 4514
3244 3802
1944 3049
2296 4064
1238 2258
2806 3395
2423 3661
1903 3188
480 1993
154 3760
3769 3961
3576 4807
1903 4553
2965 4256
1727 4137
2973 4891
738 4524
2102 3142
1603 4835
2810 4384
195 249
3117 3404
1041 3512
726 2137
1664 4302
214 593
162 486
1970 3117
1810 4671
3651 3926
2231 4145
3024 3299
1661 1672
1204 4760
1010 1023
2554 4598
960 1944
1309 4960
3079 4950
514 1101
675 2988
3402 3565
3236 4603
78 4458
4306 4664
745 1575
47 3857
2139 4395
1704 3060
3552 4734
1837 3780
368 984
1266 1296
2479 2581
1260 2836
4621 4655
269 1499
1747 2705
1699 2223
2571 2655
136 3517
1774 3618
672 2633
3594 4836
390 4429
1922 4226
4132 4702
709 3427
223 4487
1430 4126
1554 4968
3025 3166
1122 2285
5 2832
3290 4307
1360 1910
21 2440
2365 2989
848 4071
1295 2749
2519 4952
1029 4030
2064 2333
110 2167
3452 4778
1962 3062
775 3566
4178 4313
3107 3885
2348 4866
572 1289
680 4378
1650 3845
109 848
493 4634
1935 3974
1822 3797
932 1608
3332 4532
3501 4674
1554 4073
722 1484
2204 2884
971 2313
2640 3840
265 2986
548 4663
1457 3212
1855 4043
1887 3667
2486 3187
2035 2077
26 2603
1428 4823
1322 3657
152 4285
3882 4577
2279 4051
2748 2875
2432 3023
1771 4230
2072 2913
930 2001
1469 2124
3433 3691
3672 4795
34 3860
2948 3763
1499 3429
948 2175
434 4942
3509 4333
3499 4408
4336 4990
3433 4551
1859 3949
543 2262
1349 3950
2382 4563
1282 2422
672 4517
244 4986
1332 1379
513 702
942 4181
1559 1674
3758 4800
1014 2633
896 1910
1188 2174
788 3827
181 4679
792 1793
532 2487
1355 2409
2617 4336
1415 2562
3690 4688
678 1027
49 4483
2307 2870
3350 4259
18 2203
3425 3740
3052 3495
3830 4476
1202 4294
1629 2952
2180 2946
4828 4979
2454 3958
1134 4245
1784 4296
1175 4991
2268 3732
725 3899
3291 3470
412 1362
2708 3921
291 1678
3984 3988
1422 2323
256 3122
808 3439
2113 3755
2737 4867
2584 4874
269 1301
1669 4276
4278 4738
1570 3919
2282 2761
1664 3378
3010 4827
471 898
912 3294
2583 4021
309 1760
1566 4330
2760 3814
2677 3278
3327 4119
2828 4763
8 4196
1013 2063
29 3546
1844 2009
2104 2174
2042 4954
2826 4048
4011 4235
97 465
3283 4041
1065 2846
3464 4625
2344 4836
1663 3535
152 247
40 2991
2229 3577
1940 2239
2393 3216
3340 4042
611 2095
1353 3546
1370 4725
3678 4348
257 1466
833 3410
1286 2804
696 2417
1725 2178
2672 2976
93 3213
2451 3527
1428 4832
96 2989
2500 4506
143 3063
586 1409
2959 4876
7 138
1614 4858
2389 3810
1582 4786
2071 3898
2549 2569
659 1591
1460 4955
2809 4691
1563 3194
555 3234
708 3135
3532 3741
3664 3832
3057 3999
1833 2370
1853 3327
44 239
2854 2973
2449 4554
73 2752
1547 2720
3632 3719
359 1124
1587 1603
1960 4063
2230 4723
661 1540
2214 3950
2257 3067
4071 4664
3210 3233
478 3789
3746 3862
3174 3951
188 2445
1889 2629
1139 4831
154 3571
1777 2719
3022 3581
449 991
221 4708
2407 3249
1279 2959
581 2849
435 4950
1438 2430
1467 2215
2961 4936
249 366
3596 4966
1389 3100
986 1552
2335 4901
558 793
834 1871
1878 2350
4 649
4435 4601
3079 4546
3548 4615
2074 2798
1289 4332
160 4573
1612 3963
965 1068
3549 3819
1970 4385
837 1093
297 1532
2114 2994
3045 4686
1037 3666
1496 4534
158 335
1751 2752
121 942
2082 4161
1457 4590
240 3976
4136 4362
3507 3589
407 3902
410 1723
1303 3475
860 4153
1035 2331
1746 3961
383 406
4179 4770
908 3988
789 2140
3700 4123
3346 4370
1397 1460
2558 4084
2736 3347
459 1729
2547 3924
2806 3620
1813 2738
4192 4653
122 4505
989 3414
863 2470
3235 4729
671 3676
1748 4843
2855 4374
780 1911
4639 4800
3169 3363
1267 2599
30 98
1133 1863
55 4942
1289 4572
256 1018
870 2558
15 2567
266 4119
2521 3688
196 2054
578 4089
3176 3660
730 3586
691 4842
3893 4220
247 2469
743 4431
193 2719
3179 3623
851 4240
1092 4822
712 3562
1465 4199
3410 3915
2074 2641
181 3639
15 1739
2382 4255
1543 4518
912 1091
3407 4818
2236 4467
2878 4529
189 2519
510 2252
137 1658
3516 3882
1034 2607
1914 3821
2975 3600
2624 4760
2996 3041
4067 4823
2706 4643
1021 1213
3297 4782
270 1486
51 722
1125 3304
3185 4283
1065 1253
3192 4260
3401 4512
3469 4842
3288 4833
867 3256
2083 3323
541 1727
1120 3082
3380 3664
675 1281
41 3747
3494 4915
3511 3910
556 3860
1481 1839
843 1598
3134 4458
1093 3008
811 2697
187 557
534 1619
1898 2980
1148 2611
1013 1982
1470 4059
1767 2525
4370 4616
1324 4758
116 2744
191 1934
3484 4177
214 3925
3509 4761
462 4823
3353 3864
1025 1262
1120 4255
3515 3592
3656 4888
1949 2969
780 3046
3750 4822
1991 4226
62 1229
3490 4704
311 989
4378 4601
1766 2899
3877 4368
3856 4027
1734 2680
1174 3611
3205 4194
1168 3901
1744 2319
353 3984
951 1896
2751 2889
2106 4339
4479 4911
3288 4352
1855 2845
14 654
2633 4827
653 2228
627 4915
237 3216
3934 3941
51 427
1125 4082
2269 4664
3847 4571
1336 1861
193 4610
3139 3616
2608 3083
141 1501
480 4457
3124 3530
3212 4926
378 1283
3008 3807
3338 4200
1117 1916
2020 2582
1360 4954
1141 3345
815 4774
2373 2674
1319 2678
1658 3529
1125 2608
485 2057
2722 4264
1121 2360
2577 4413
3040 4501
3122 4839
124 2477
1277 4404
2334 3914
621 3019
1170 3537
2653 4985
4153 4212
1924 3882
1918 3986
814 4947
1112 2470
253 1932
2768 4921
1720 3904
1352 1400
1127 4687
970 4931
245 1193
2145 2789
1378 4746
4398 4920
4305 4692
2695 4237
314 930
165 1438
2737 4475
2533 3845
59 517
252 4238
934 1507
623 1517
98 4602
823 2746
519 2084
2387 3550
1786 2270
123 2656
1380 1575
3930 3962
1918 4170
4374 4851
1232 4712
1263 3480
53 940
258 1886
3974 4218
1113 3312
3945 4338
2644 3813
1763 2402
1116 2911
787 1062
684 1892
2881 3273
2319 3075
1005 4892
230 3283
310 2159
598 3437
3272 4920
1117 2910
1766 3114
1774 4594
1791 2201
1618 2244
2201 3768
1185 4853
50 3419
1959 4764
109 2792
2033 4965
2383 4779
1317 4057
962 3911
1724 3747
454 3508
1527 1861
291 3510
4727 4932
221 2746
3088 3913
684 4509
3787 4580
2460 3045
726 2664
1403 3228
608 4958
24 3089
1261 2101
1030 2150
803 4608
1676 1999
643 4968
834 3311
283 2410
2583 4990
860 4280
1715 2141
2320 2973
1557 2843
3888 4665
1162 2358
783 4002
867 1764
2781 2874
2468 3127
486 4260
408 789
1874 2251
1064 3740
20 857
1241 3567
1732 2029
573 1466
345 2149
314 4980
719 4576
1617 2792
613 3852
2785 4625
3143 4923
2776 3459
3842 4167
737 4199
1649 4383
1715 3778
3032 3459
259 2364
1029 2004
2613 2877
4094 4913
1445 3350
904 2936
2765 3940
1194 2717
471 1468
1279 2298
2503 4198
1614 4954
4001 4942
311 1654
855 4320
689 4165
449 1536
55 852
1602 2423
1178 4410
737 1880
233 1159
299 3774
2920 4406
2423 3450
2551 3869
1882 3517
2023 3928
680 2483
1314 3532
9 4158
144 4097
734 4279
2402 4183
2035 3697
884 3166
416 1645
483 4456
2891 4274
732 1137
3199 3697
1101 3767
657 2666
3659 4245
487 1668
1232 3836
1945 4161
4382 4746
1948 4168
187 2888
337 2590
196 2227
669 1550
524 3462
465 4458
3481 3494
4110 4458
3242 4531
3101 4456
1118 1891
