40 150
12 7 903 448
26 20 864 900
31 38 -671 -860
12 25 -97 511
21 6 -130 -126
39 30 -315 224
11 4 -647 -824
13 20 -958 -787
13 23 -494 -998
5 30 543 386
37 21 45 -201
12 10 -366 -269
40 22 193 -289
32 36 765 -41
21 11 73 913
31 33 323 970
38 28 907 -460
26 7 -68 -593
20 4 -804 -493
8 14 -241 115
34 33 -831 -348
34 24 -317 -945
16 40 105 -269
14 21 835 -637
32 6 -407 -923
24 31 7 280
6 14 -307 -253
30 26 -378 630
32 21 116 -597
4 23 217 -83
26 25 962 -879
34 11 404 -213
40 15 -292 -760
12 16 521 439
18 33 163 800
32 8 -782 946
16 23 89 -504
39 29 874 -551
2 21 -364 -31
16 30 -632 -670
10 4 446 -96
8 39 -38 773
6 10 694 628
39 7 392 -977
33 17 137 162
34 17 -841 -5
16 22 -583 368
23 7 -944 202
6 34 48 -305
3 35 -109 812
1 5 896 -740
39 4 -289 -237
35 6 -636 779
15 31 -537 252
2 12 65 577
10 19 400 294
8 25 -322 -20
12 11 174 891
4 18 63 749
39 24 -808 535
15 16 -434 901
2 28 897 422
14 32 -481 668
13 32 -206 92
6 18 -476 775
11 33 477 735
2 10 -22 -511
36 12 -241 831
5 15 57 419
22 24 -755 -561
24 4 -741 -314
26 36 878 -924
20 23 558 461
36 6 -550 -565
9 20 511 107
39 28 330 690
2 32 -638 -585
28 29 -408 -964
12 1 -248 -434
14 13 867 805
22 5 722 -460
23 29 -913 291
1 24 -515 850
26 5 958 71
34 15 -249 -836
35 4 -322 -53
8 17 320 -408
21 28 -680 320
32 10 950 78
7 2 -820 -609
29 3 -358 996
8 23 -195 15
31 32 -847 626
23 38 772 -122
16 35 -655 -339
14 11 215 -621
30 17 -19 561
24 10 401 267
1 30 991 107
30 19 -608 501
24 36 -748 -704
35 11 -557 -712
34 31 -158 -819
25 5 -820 -472
16 31 965 -771
18 7 -211 314
23 17 -904 882
11 9 -138 689
38 8 880 -781
8 21 415 905
6 40 -193 -259
27 21 -750 -721
19 18 933 -418
22 20 -749 137
29 37 -196 -952
36 21 232 526
27 11 -298 955
26 12 -938 -461
40 35 17 -528
13 24 520 -318
9 39 -605 -487
19 24 813 250
40 33 -833 -475
33 8 -400 647
26 37 -777 -863
3 6 407 -676
14 29 351 -918
34 14 839 -562
12 3 -835 981
6 7 231 -699
26 29 201 -648
37 19 -137 504
10 25 65 -616
12 28 726 452
20 10 -959 -32
26 23 -684 -769
20 11 165 -76
37 22 801 351
35 23 -276 -111
4 17 869 766
25 30 660 -738
30 36 -463 703
6 5 141 143
26 38 -923 -354
24 29 232 907
20 27 894 -944
29 1 855 -963
22 21 661 203
4 21 -397 906
7 14 206 165
