1000
1 583
583 97
583 680
97 952
97 460
952 792
952 681
792 263
792 136
263 291
263 308
291 935
291 248
935 486
935 249
486 373
486 82
373 905
373 290
82 80
82 640
249 585
249 811
585 705
585 957
811 4
811 228
248 327
248 42
327 501
327 420
501 995
501 475
420 955
420 260
42 406
42 809
406 188
406 751
809 758
809 918
308 544
308 469
544 14
544 247
14 572
14 69
572 286
572 584
69 960
69 576
247 418
247 549
418 324
418 561
549 318
549 909
469 827
469 387
827 90
827 948
90 360
90 804
948 559
948 996
387 677
387 26
677 171
677 641
26 480
26 915
136 447
136 591
447 655
447 563
655 979
655 774
979 564
979 287
564 441
564 208
287 586
287 159
774 337
774 783
337 557
337 822
783 912
783 603
563 870
563 998
870 761
870 608
761 250
761 113
608 161
608 307
998 988
998 138
988 215
988 693
138 77
138 613
591 440
591 521
440 374
440 473
374 634
374 533
634 861
634 471
533 895
533 789
473 936
473 531
936 51
936 779
531 352
531 280
521 73
521 255
73 872
73 973
872 96
872 237
973 351
973 155
255 670
255 47
670 403
670 269
47 551
47 348
681 169
681 901
169 880
169 626
880 127
880 713
127 470
127 322
470 541
470 502
541 342
541 466
502 623
502 674
322 931
322 849
931 866
931 467
849 449
849 316
713 123
713 569
123 554
123 878
554 902
554 528
878 609
878 55
569 268
569 989
268 714
268 974
989 500
989 112
626 487
626 384
487 379
487 153
379 65
379 675
65 19
65 261
675 75
675 27
153 766
153 192
766 566
766 633
192 746
192 658
384 844
384 734
844 189
844 518
189 343
189 67
518 429
518 372
734 262
734 990
262 364
262 942
990 18
990 907
901 283
901 794
283 700
283 394
700 601
700 738
601 482
601 317
482 509
482 334
317 951
317 843
738 457
738 503
457 31
457 830
503 932
503 662
394 451
394 9
451 978
451 130
978 636
978 604
130 814
130 398
9 711
9 300
711 790
711 385
300 154
300 485
794 13
794 504
13 961
13 846
961 199
961 393
199 605
199 665
393 399
393 679
846 832
846 221
832 526
832 243
221 63
221 325
504 414
504 168
414 271
414 376
271 954
271 721
376 965
376 78
168 496
168 257
496 331
496 52
257 771
257 648
460 650
460 72
650 542
650 396
542 726
542 945
726 174
726 207
174 107
174 969
107 610
107 834
610 678
610 312
834 762
834 575
969 292
969 483
292 891
292 744
483 959
483 914
207 772
207 453
772 11
772 386
11 79
11 910
386 465
386 397
453 37
453 599
37 363
37 838
599 618
599 463
945 152
945 244
152 25
152 238
25 882
25 40
882 950
882 821
40 651
40 592
238 847
238 498
847 530
847 48
498 627
498 7
244 102
244 810
102 654
102 495
654 345
654 201
495 277
495 93
810 941
810 638
941 510
941 296
638 415
638 409
396 205
396 768
205 212
205 336
212 197
212 689
197 698
197 796
698 981
698 314
796 332
796 524
689 666
689 433
666 294
666 532
433 940
433 869
336 635
336 600
635 967
635 920
967 669
967 472
920 607
920 736
600 142
600 233
142 852
142 833
233 802
233 893
768 390
768 347
390 867
390 458
867 87
867 890
87 117
87 742
890 856
890 222
458 781
458 236
781 371
781 515
236 525
236 972
347 770
347 128
770 506
770 991
506 697
506 777
991 120
991 673
128 149
128 826
149 436
149 983
826 888
826 276
72 839
72 380
839 791
839 937
791 461
791 926
461 874
461 357
874 927
874 558
927 548
927 234
558 267
558 661
357 135
357 778
135 594
135 519
778 992
778 344
926 339
926 776
339 430
339 190
430 225
430 596
190 924
190 740
776 712
776 256
712 663
712 478
256 245
256 484
937 230
937 786
230 137
230 879
137 335
137 218
335 210
335 203
218 132
218 61
879 898
879 848
898 223
898 109
848 402
848 141
786 494
786 659
494 64
494 646
64 953
64 829
646 89
646 459
659 211
659 140
211 653
211 860
140 43
140 947
380 567
380 366
567 823
567 966
823 729
823 298
729 728
729 707
728 358
728 412
707 723
707 897
298 178
298 416
178 191
178 491
416 877
416 933
966 871
966 720
871 971
871 411
971 745
971 375
411 552
411 220
720 862
720 392
862 424
862 329
392 122
392 187
366 963
366 462
963 512
963 213
512 671
512 295
671 432
671 986
295 645
295 923
213 896
213 333
896 44
896 254
333 103
333 903
462 224
462 763
224 143
224 899
143 227
143 784
899 68
899 885
763 401
763 958
401 53
401 273
958 616
958 310
680 313
680 975
313 134
313 917
134 970
134 175
970 306
970 108
306 547
306 818
547 303
547 819
303 119
303 873
119 124
119 556
873 62
873 756
819 842
819 782
842 692
842 284
782 50
782 184
818 378
818 88
378 49
378 17
49 580
49 95
17 20
17 183
88 321
88 194
321 36
321 428
194 537
194 437
108 808
108 58
808 788
808 919
788 323
788 545
323 672
323 732
545 813
545 450
919 529
919 755
529 193
529 741
755 887
755 925
58 985
58 568
985 864
985 39
864 859
864 722
39 916
39 490
568 209
568 176
209 795
209 100
176 715
176 928
175 630
175 452
630 733
630 629
733 407
733 987
407 423
407 619
423 876
423 98
619 455
619 126
987 389
987 235
389 956
389 489
235 660
235 598
629 760
629 105
760 355
760 922
355 369
355 281
922 508
922 516
105 54
105 365
54 368
54 690
365 637
365 994
452 752
452 719
752 550
752 361
550 10
550 667
10 299
10 232
667 676
667 106
361 759
361 206
759 104
759 892
206 536
206 642
719 904
719 836
904 543
904 167
543 773
543 841
167 148
167 803
836 196
836 226
196 615
196 855
226 400
226 863
917 798
917 305
798 921
798 589
921 114
921 448
114 968
114 769
968 217
968 413
217 497
217 946
413 381
413 293
769 246
769 408
246 297
246 805
408 474
408 853
448 938
448 29
938 492
938 404
492 570
492 240
404 624
404 767
29 696
29 800
696 906
696 631
800 730
800 146
589 239
589 632
239 900
239 362
900 701
900 435
701 340
701 993
435 628
435 614
362 748
362 468
748 367
748 147
468 258
468 801
632 724
632 198
724 131
724 709
131 683
131 443
709 74
709 750
198 133
198 91
133 186
133 685
91 695
91 513
305 737
305 165
737 464
737 617
464 780
464 875
780 621
780 278
621 699
621 139
278 850
278 173
875 15
875 170
15 573
15 611
170 980
170 574
617 16
617 28
16 708
16 982
708 668
708 579
982 434
982 984
28 785
28 202
785 8
785 976
202 101
202 908
165 431
165 911
431 797
431 302
797 704
797 930
704 886
704 356
930 301
930 577
302 943
302 456
943 338
943 110
456 522
456 664
911 395
911 275
395 505
395 410
505 727
505 865
410 285
410 753
275 682
275 391
682 775
682 319
391 84
391 643
975 172
975 251
172 765
172 241
765 639
765 116
639 644
639 182
644 883
644 370
883 118
883 534
118 426
118 868
534 1000
534 514
370 242
370 706
242 555
242 934
706 857
706 625
182 309
182 787
309 41
309 442
41 326
41 560
442 757
442 163
787 949
787 59
949 185
949 125
59 820
59 359
116 684
116 743
684 806
684 129
806 439
806 454
439 83
439 735
454 835
454 858
129 962
129 81
962 30
962 694
81 33
81 231
743 181
743 481
181 657
181 71
657 438
657 656
71 270
71 845
481 272
481 279
272 66
272 24
279 388
279 793
241 612
241 158
612 252
612 507
252 311
252 425
311 824
311 274
824 92
824 562
274 520
274 214
425 588
425 3
588 177
588 157
3 6
3 703
507 523
507 652
523 353
523 320
353 115
353 200
320 121
320 162
652 815
652 150
815 944
815 799
150 144
150 180
158 881
158 2
881 710
881 535
710 253
710 38
253 419
253 477
38 282
38 346
535 382
535 12
382 349
382 22
12 111
12 328
2 540
2 582
540 21
540 479
21 913
21 266
479 444
479 716
582 56
582 511
56 166
56 606
511 383
511 687
251 94
251 649
94 977
94 86
977 688
977 749
688 929
688 622
929 754
929 330
754 553
754 578
330 812
330 546
622 593
622 731
593 571
593 259
731 590
731 831
749 446
749 315
446 597
446 164
597 145
597 151
164 854
164 60
315 647
315 807
647 156
647 840
807 828
807 884
86 476
86 739
476 288
476 499
288 702
288 620
702 725
702 421
620 964
620 179
499 816
499 538
816 837
816 488
538 216
538 527
739 341
739 894
341 204
341 422
204 817
204 264
422 46
422 939
894 997
894 427
997 717
997 517
427 718
427 219
649 691
649 417
691 999
691 493
999 686
999 289
686 34
686 602
34 57
34 304
602 45
602 405
289 587
289 581
587 747
587 565
581 825
581 764
493 23
493 445
23 851
23 539
851 354
851 35
539 195
539 377
445 85
445 76
85 32
85 70
76 160
76 265
417 99
99 229
229 5
229 595
5 350
5 889
1000
2 406
3 774
3 140
3 223
3 594
3 39
3 161
2 559
3 701
1 181
3 774
2 327
2 480
2 989
3 415
1 202
1 873
3 520
1 263
3 835
3 923
2 249
2 640
3 501
3 570
2 572
3 16
1 101
2 998
1 446
3 798
3 453
2 171
3 426
2 948
3 17
3 598
3 466
2 406
2 714
3 241
3 191
1 798
1 984
2 955
2 144
1 797
1 85
2 572
2 840
1 4
2 373
1 615
2 557
3 879
1 513
2 291
2 506
2 586
2 864
2 545
3 600
2 291
2 572
2 4
3 235
2 870
2 571
2 952
3 301
2 557
3 645
3 876
3 433
2 291
3 255
3 229
1 118
1 845
2 308
3 609
2 9
2 480
3 619
3 469
3 637
2 520
2 90
1 217
3 66
3 269
2 957
1 282
2 995
3 753
3 374
2 80
3 82
3 360
3 252
3 646
1 492
3 216
2 761
2 640
1 875
3 949
1 513
3 385
3 754
2 559
2 226
2 513
3 450
3 317
3 464
2 559
2 249
2 260
3 188
3 764
2 758
3 390
1 956
1 119
3 654
2 693
1 845
1 438
1 21
2 544
3 796
1 62
2 260
1 193
2 42
1 10
1 213
3 565
2 909
2 811
2 912
2 632
2 247
3 229
3 297
3 636
2 899
1 669
2 732
1 690
2 82
2 693
2 327
1 785
2 250
3 940
3 69
1 855
1 456
3 740
1 682
3 827
3 801
1 614
2 557
1 934
2 586
2 613
3 246
2 503
3 529
2 564
2 979
3 22
3 1
2 447
2 14
2 373
2 792
3 105
3 203
2 557
2 387
3 103
3 790
2 544
3 177
2 418
2 516
1 183
2 915
3 666
3 313
1 49
2 780
3 958
2 585
3 555
1 391
2 655
2 242
3 384
2 655
2 215
2 607
3 312
3 263
1 550
2 734
3 83
2 324
2 447
3 959
3 856
3 748
2 584
1 942
1 853
3 405
2 447
2 549
1 663
1 855
1 808
2 792
2 138
2 584
2 761
3 436
2 188
2 77
3 288
2 441
3 619
1 539
2 559
1 643
3 12
3 759
2 228
1 163
2 447
3 402
3 634
2 327
2 811
3 774
1 513
3 73
1 1000
3 995
2 327
3 30
2 561
3 619
3 789
3 742
1 340
1 987
2 583
1 8
2 653
3 67
1 930
1 183
3 863
1 624
3 138
2 792
3 232
3 12
2 373
3 417
3 583
2 138
3 358
2 955
3 928
3 149
1 205
2 783
3 723
2 324
3 797
2 42
3 219
3 403
3 674
2 960
2 677
2 584
2 337
1 183
2 290
3 91
2 549
2 960
3 869
1 489
2 327
2 613
2 75
3 538
2 286
2 327
1 833
2 4
2 469
3 191
3 940
2 583
2 269
2 247
2 957
2 360
1 709
3 837
2 307
2 308
3 881
3 307
2 693
3 800
3 463
3 143
2 77
2 625
1 611
2 905
2 557
2 653
3 517
2 943
2 955
1 770
3 312
3 31
2 960
2 909
3 275
3 341
2 250
2 42
3 980
2 228
3 201
2 544
3 440
2 533
3 21
2 447
2 584
3 963
3 331
2 500
2 221
3 161
2 290
3 257
2 586
1 492
2 783
3 594
3 590
1 356
1 594
3 518
2 935
3 227
2 318
1 956
2 758
1 669
3 840
1 785
1 98
2 584
3 166
2 859
1 125
2 585
3 293
2 774
3 317
3 213
2 248
2 783
1 53
1 410
3 541
2 337
3 147
3 12
1 321
2 486
2 995
2 324
2 117
2 780
3 668
3 771
3 704
3 560
2 406
3 635
3 209
2 327
2 792
2 583
3 544
3 750
2 26
3 839
2 138
2 559
3 23
3 766
2 138
3 791
3 823
1 490
1 913
2 897
1 525
1 757
2 263
2 559
2 210
2 373
2 563
3 202
3 921
3 241
3 82
3 690
2 988
3 101
2 447
2 475
2 564
2 188
3 520
1 68
3 816
2 79
2 908
2 208
2 557
2 208
3 38
2 480
2 287
2 26
2 909
3 349
2 948
3 670
2 935
1 167
2 188
3 940
2 161
3 370
3 591
3 72
3 492
1 165
2 501
2 641
1 489
2 586
3 370
2 443
1 643
2 113
2 406
2 250
3 48
1 528
2 758
2 572
2 90
3 522
3 30
2 586
2 418
2 792
2 585
2 905
2 557
1 985
3 404
2 404
3 685
1 826
3 127
3 790
3 144
3 529
2 308
1 987
2 420
2 286
3 885
2 475
2 82
2 290
3 677
2 912
2 979
3 913
1 448
3 399
2 324
2 584
3 322
2 955
2 324
3 812
2 802
1 446
2 324
3 181
1 822
1 915
2 712
1 424
2 418
3 621
1 839
1 573
2 1
3 962
1 727
3 807
1 110
2 586
3 367
2 77
2 67
2 1
2 318
1 472
3 368
3 417
3 322
2 501
2 480
3 701
1 310
2 585
2 42
3 344
2 693
3 853
3 137
1 303
3 368
3 236
1 370
3 628
3 303
2 960
3 905
2 406
3 926
1 724
2 307
2 640
2 916
3 657
2 935
2 324
3 720
2 290
3 805
2 171
2 441
3 987
3 19
3 204
2 265
3 698
3 66
2 307
3 130
2 258
3 215
3 240
3 198
2 856
3 58
1 695
1 477
3 636
1 450
2 469
1 865
2 912
1 456
2 822
2 469
3 249
1 139
2 952
3 539
3 964
2 705
2 308
3 818
2 930
2 307
2 77
2 561
3 328
3 938
2 948
2 915
2 549
3 289
3 397
2 677
2 960
1 787
2 549
1 242
2 324
2 215
2 811
3 428
3 305
2 805
2 263
3 521
3 942
1 32
2 758
2 420
1 455
3 567
2 26
2 480
1 54
2 197
1 913
3 379
2 911
2 447
2 161
2 774
2 248
2 101
3 980
2 774
2 179
2 429
1 761
2 421
2 260
3 13
2 175
3 157
2 96
2 510
3 677
2 290
1 231
2 174
1 96
2 308
3 286
3 393
3 179
2 250
2 908
1 906
3 57
2 586
2 875
2 738
2 544
1 541
3 787
2 922
1 557
1 467
2 761
2 337
2 296
2 337
2 995
2 1
3 611
2 915
2 761
2 32
2 580
3 624
3 36
2 948
2 337
3 426
2 941
1 803
3 742
2 115
2 809
3 91
3 626
2 480
3 116
2 720
2 870
2 906
2 978
3 89
2 811
2 188
2 80
2 641
3 924
3 793
3 456
1 765
2 228
3 710
3 937
1 126
2 952
3 747
3 187
3 17
3 169
3 715
1 455
1 942
2 811
2 583
1 685
1 894
3 557
3 764
3 338
2 774
3 121
1 359
1 309
2 286
2 26
2 247
3 566
2 208
1 705
3 352
3 785
2 247
3 853
3 644
3 813
3 626
2 774
2 406
3 918
1 182
2 822
2 960
3 756
3 950
1 517
3 240
1 462
2 580
1 975
2 1
3 673
1 875
1 956
1 122
2 677
1 968
3 113
1 694
3 795
2 965
3 722
2 215
2 905
2 371
2 90
2 263
3 472
2 291
1 243
3 382
2 564
3 412
3 151
3 384
3 59
2 561
2 549
2 996
3 251
2 742
2 572
2 870
1 68
2 792
2 188
2 572
3 169
1 730
3 201
2 215
2 905
3 770
2 809
2 904
1 574
2 585
2 360
2 677
2 318
2 501
2 236
1 319
1 823
2 559
1 95
1 404
2 208
2 447
2 456
2 318
2 996
2 171
1 657
2 136
1 725
3 796
1 960
1 547
3 4
2 300
2 475
2 26
3 443
3 969
3 792
3 881
3 744
3 698
3 277
1 901
3 571
3 861
3 450
2 90
2 677
2 4
1 378
3 373
3 235
1 638
1 492
2 360
1 820
2 909
3 898
2 318
2 487
3 557
2 287
1 395
3 675
3 915
2 475
2 14
2 420
2 127
2 761
3 585
2 374
2 957
1 310
3 164
2 171
2 97
3 466
1 660
2 640
3 790
1 134
3 980
2 26
3 843
1 806
3 419
3 770
3 562
2 761
1 20
3 352
2 979
2 655
1 134
1 977
3 278
3 58
2 48
2 608
1 239
2 522
2 290
2 583
2 761
2 247
2 915
2 77
3 405
2 1
3 133
2 995
2 82
2 827
1 185
1 545
1 388
2 584
3 175
2 248
2 77
1 911
3 99
3 209
3 569
3 105
2 584
2 113
2 90
2 69
2 441
2 161
3 605
2 263
2 447
1 124
2 608
3 886
3 69
2 995
1 468
2 585
2 995
2 503
3 830
1 596
2 14
2 475
2 544
1 958
2 557
3 207
2 324
2 318
2 82
2 418
2 480
3 833
2 544
1 519
3 265
2 996
2 161
2 290
3 534
2 14
3 460
3 660
2 751
3 837
3 510
1 616
3 286
2 160
2 337
2 171
3 206
3 342
2 136
2 827
1 748
3 482
2 774
1 1000
3 414
2 996
1 944
3 544
