500 600 1
2 1 750
2 3 90
3 4 388
4 5 356
6 5 654
6 7 923
7 8 808
9 8 770
10 9 848
10 11 313
11 12 987
13 12 712
14 13 989
14 15 602
15 16 943
17 16 733
18 17 229
19 18 65
20 19 863
20 21 83
22 21 8
22 23 678
23 24 506
25 24 156
26 25 828
27 26 269
27 28 818
29 28 445
30 29 880
31 30 141
31 32 257
33 32 47
33 34 832
34 35 244
35 36 894
37 36 84
38 37 217
38 39 450
40 39 843
41 40 991
41 42 998
43 42 931
44 43 882
45 44 967
46 45 4
46 47 953
48 47 265
49 48 45
49 50 682
50 51 161
51 52 843
52 53 629
54 53 285
55 54 285
56 55 512
56 57 666
58 57 681
58 59 315
59 60 783
60 61 317
61 62 995
63 62 948
63 64 561
65 64 16
65 66 447
67 66 783
68 67 937
68 69 382
69 70 189
71 70 215
72 71 42
73 72 693
74 73 976
74 75 235
75 76 769
77 76 375
78 77 1
78 79 165
80 79 157
81 80 533
82 81 161
82 83 582
83 84 291
85 84 405
86 85 277
87 86 440
87 88 566
88 89 670
89 90 78
90 91 427
91 92 278
92 93 666
94 93 41
95 94 932
96 95 983
96 97 883
97 98 787
99 98 275
100 99 516
101 100 346
101 102 657
102 103 77
104 103 109
104 105 660
106 105 318
106 107 914
107 108 47
108 109 734
110 109 413
111 110 63
112 111 282
112 113 115
113 114 673
115 114 271
115 116 296
117 116 963
117 118 90
118 119 366
119 120 411
120 121 54
122 121 330
123 122 622
123 124 504
124 125 818
125 126 104
127 126 62
128 127 922
129 128 626
129 130 277
130 131 216
131 132 337
133 132 528
133 134 269
135 134 978
135 136 636
136 137 652
137 138 911
139 138 767
140 139 347
140 141 5
141 142 319
143 142 983
143 144 602
144 145 984
146 145 66
147 146 973
148 147 10
149 148 967
150 149 483
150 151 71
151 152 313
153 152 572
153 154 454
154 155 356
156 155 956
157 156 718
157 158 786
159 158 217
160 159 188
161 160 12
161 162 636
163 162 301
164 163 62
165 164 696
166 165 489
166 167 894
167 168 982
168 169 877
169 170 379
170 171 859
172 171 910
172 173 764
173 174 863
174 175 236
175 176 499
177 176 500
177 178 5
179 178 175
179 180 656
181 180 393
182 181 697
183 182 213
183 184 142
184 185 711
186 185 880
186 187 948
187 188 660
188 189 991
190 189 423
191 190 550
191 192 379
193 192 385
194 193 128
195 194 634
195 196 348
197 196 58
197 198 269
198 199 898
200 199 765
200 201 280
201 202 90
202 203 349
203 204 736
204 205 572
206 205 493
207 206 638
207 208 118
208 209 512
210 209 225
210 211 990
212 211 52
212 213 337
213 214 562
214 215 349
216 215 836
216 217 119
218 217 122
219 218 695
219 220 422
220 221 715
222 221 53
223 222 724
223 224 96
224 225 288
226 225 25
226 227 216
228 227 939
228 229 742
230 229 562
230 231 286
231 232 823
233 232 683
234 233 501
235 234 142
235 236 785
237 236 315
237 238 266
238 239 111
240 239 811
241 240 330
241 242 118
242 243 265
243 244 956
245 244 791
245 246 800
247 246 498
247 248 449
248 249 300
250 249 804
251 250 932
251 252 643
252 253 828
254 253 14
254 255 676
256 255 642
257 256 27
258 257 960
259 258 631
259 260 618
260 261 92
262 261 856
262 263 25
263 264 141
265 264 456
266 265 354
267 266 470
268 267 953
268 269 99
270 269 925
270 271 900
272 271 89
273 272 115
274 273 204
274 275 721
275 276 265
277 276 324
278 277 379
279 278 114
280 279 582
281 280 502
282 281 844
283 282 732
283 284 371
284 285 776
286 285 609
286 287 846
287 288 459
289 288 633
290 289 269
290 291 254
291 292 675
293 292 21
293 294 477
295 294 307
295 296 582
297 296 309
297 298 708
299 298 612
299 300 95
300 301 826
301 302 182
302 303 408
303 304 306
305 304 428
306 305 356
306 307 869
307 308 107
309 308 486
310 309 210
311 310 229
311 312 954
313 312 661
314 313 316
314 315 622
315 316 318
317 316 505
317 318 63
319 318 417
319 320 697
321 320 418
322 321 246
323 322 390
324 323 92
324 325 415
325 326 339
327 326 350
327 328 956
328 329 812
329 330 912
330 331 513
331 332 188
332 333 970
333 334 518
334 335 9
336 335 764
337 336 100
338 337 749
338 339 326
340 339 858
341 340 151
341 342 101
343 342 500
344 343 535
345 344 865
345 346 915
346 347 107
348 347 196
349 348 421
349 350 751
351 350 78
351 352 805
352 353 967
353 354 549
354 355 254
356 355 38
356 357 428
357 358 545
358 359 471
359 360 437
360 361 99
362 361 912
362 363 228
363 364 328
365 364 562
366 365 532
366 367 711
368 367 360
369 368 746
370 369 752
370 371 796
372 371 493
372 373 821
373 374 388
374 375 903
376 375 171
376 377 234
377 378 426
378 379 842
379 380 612
380 381 374
382 381 921
382 383 620
384 383 599
384 385 830
385 386 121
387 386 223
387 388 289
388 389 794
389 390 384
390 391 265
391 392 90
392 393 340
393 394 19
394 395 790
395 396 99
396 397 442
398 397 248
398 399 195
400 399 350
401 400 872
402 401 964
402 403 254
403 404 861
404 405 146
406 405 304
407 406 989
407 408 551
409 408 400
410 409 152
410 411 524
412 411 768
413 412 419
413 414 77
414 415 44
416 415 423
416 417 904
418 417 50
418 419 992
420 419 557
421 420 395
421 422 670
423 422 354
424 423 219
424 425 982
425 426 194
426 427 966
428 427 909
429 428 193
430 429 51
430 431 77
432 431 758
433 432 53
433 434 57
434 435 197
435 436 315
437 436 532
438 437 143
439 438 703
439 440 11
441 440 36
442 441 477
442 443 761
444 443 158
445 444 900
446 445 4
447 446 261
447 448 101
449 448 877
449 450 65
451 450 66
452 451 745
453 452 901
453 454 830
455 454 402
455 456 320
457 456 561
458 457 884
458 459 149
460 459 293
461 460 433
461 462 36
462 463 876
463 464 503
464 465 857
465 466 767
467 466 432
468 467 68
468 469 533
470 469 212
471 470 308
472 471 79
473 472 956
474 473 665
474 475 680
476 475 302
476 477 649
477 478 229
479 478 416
480 479 824
480 481 246
482 481 493
483 482 645
484 483 407
484 485 274
486 485 517
486 487 410
487 488 121
489 488 893
490 489 585
490 491 250
492 491 380
492 493 929
493 494 243
494 495 161
496 495 106
496 497 764
498 497 839
499 498 872
500 499 603
500 1 495
261 497 83
304 15 287
35 82 167
31 383 648
414 322 349
380 258 26
114 264 591
135 138 618
424 406 553
184 386 695
76 170 769
294 104 343
166 230 60
488 201 655
488 377 428
471 300 289
88 170 760
445 66 114
406 97 299
308 462 435
212 363 977
434 453 871
105 302 55
244 209 846
299 194 786
461 79 953
293 74 226
229 400 375
76 494 872
317 80 823
44 371 844
193 448 405
121 347 499
96 10 161
407 212 880
179 419 230
267 131 722
13 266 408
432 138 774
309 21 881
165 302 621
24 63 645
432 29 648
257 368 979
54 164 323
203 244 6
20 387 815
307 149 708
158 189 140
170 137 478
486 130 478
187 115 697
100 274 670
440 469 916
227 132 891
261 101 242
294 271 410
26 338 49
132 396 683
247 435 67
90 72 533
201 219 260
264 432 157
307 111 717
402 243 2
465 359 576
230 211 76
428 214 221
164 350 221
167 377 739
278 290 552
337 163 49
218 480 792
98 442 223
235 449 59
442 224 256
438 95 168
188 139 698
327 282 934
4 402 385
488 57 647
264 6 392
5 99 251
267 156 601
470 173 953
175 224 582
28 18 427
463 149 191
281 301 192
401 234 694
23 482 88
475 216 113
111 60 19
58 465 320
223 118 913
399 6 127
377 315 697
112 244 709
457 79 579
67 204 109
43 5