1000 999
0 1177
0 8210
0 6668
0 7415
0 147
0 4882
0 2900
0 5602
0 3277
1 12
0 9740
0 2896
0 5119
0 7134
0 6582
1 19
0 6954
0 2457
0 2753
0 7263
1 9
0 2617
0 6408
0 4964
0 146
0 4422
0 3272
0 7753
0 1887
0 236
0 5340
0 790
0 7630
0 3088
1 7
0 3059
0 9183
0 208
0 6365
0 5343
0 514
0 1640
1 17
0 809
1 13
0 9200
0 2315
0 8944
0 9199
0 7405
0 6985
0 1795
0 7605
0 2864
0 1619
0 7852
0 2905
0 6198
0 1295
0 4514
0 1532
0 5991
0 8322
0 1097
0 883
0 7965
0 9000
0 3698
1 14
1 15
0 9669
0 8287
1 18
0 7636
0 9114
0 4226
0 4668
0 3139
0 4642
0 9249
1 2
0 8233
0 7085
0 339
0 6091
0 4983
0 7265
0 9509
0 1886
0 4825
0 4710
0 7480
0 9204
0 6889
0 6776
0 4327
0 7134
0 757
0 673
0 4656
0 8859
0 161
0 8356
0 2760
0 228
0 3424
1 11
0 8690
0 5474
0 5248
0 7321
0 4914
0 8168
0 3171
0 4792
0 8523
0 7041
0 5660
0 4088
0 8350
0 7674
0 4757
0 9427
0 5108
0 9799
0 3330
0 4699
0 6347
0 3359
0 8614
0 496
0 7290
0 2532
0 5858
0 1251
0 8990
0 9577
0 7975
0 117
0 2282
0 9993
0 5823
0 2422
1 1
0 8920
1 14
0 512
0 1441
0 2109
0 1549
0 9582
0 4347
0 4269
0 1136
0 6683
0 5980
0 5745
0 7214
0 1546
0 2241
0 2028
0 427
0 2248
1 13
0 3481
0 4205
0 1244
0 6884
0 1419
1 8
0 4401
0 3279
0 6437
0 8744
0 1651
0 918
0 2493
0 2016
0 3845
0 6976
0 8558
0 5220
0 7727
0 2290
0 7826
0 2525
0 7306
1 5
0 5006
0 5729
0 4967
0 8785
0 6490
0 1437
0 8215
0 8038
0 1456
0 8527
0 692
0 9700
0 2133
0 741
1 10
0 8067
0 2238
0 3397
0 5207
0 5402
0 7497
0 1941
0 3334
0 8723
1 3
0 6676
0 1173
0 5218
0 1295
0 6326
0 1134
0 9960
0 7776
0 6011
0 6653
0 7880
0 1180
1 4
0 9238
0 775
0 1902
0 3693
1 1
0 6058
0 8189
0 8364
1 5
0 5208
0 5249
0 8898
0 8393
0 7403
1 13
0 7525
0 6357
0 9860
0 575
0 7218
0 6484
0 1128
0 3413
0 5197
0 352
0 3481
0 2232
0 8203
0 5265
0 5407
0 536
0 5487
0 9185
0 2916
0 8565
0 941
0 5625
0 4246
0 3917
0 7873
0 4239
0 500
0 8361
0 6850
0 3953
0 2135
0 8846
0 5534
0 7877
0 4161
0 4413
0 1
0 7672
0 4845
0 6706
0 9700
0 1377
0 9067
0 7285
0 6078
0 8812
0 6794
0 6155
0 4781
0 9094
0 9516
0 8914
0 3048
0 3435
1 13
0 7288
0 1671
0 6971
0 409
0 6576
0 3844
0 2937
0 2939
0 7354
0 1904
0 9814
0 6659
0 4449
0 5925
1 1
0 1488
0 6914
0 4374
0 3038
0 9594
0 4020
0 319
0 1176
0 773
1 3
0 145
0 3229
0 4828
0 9063
0 1822
0 5542
0 6104
0 2977
0 1357
0 1351
0 9568
1 12
0 5087
0 3599
0 5207
0 4735
0 1396
0 7798
0 6540
0 8465
0 4504
0 4752
0 4681
0 1858
0 9886
0 3103
0 1044
0 8970
0 9449
0 3864
0 4374
0 634
0 1028
0 7470
0 9990
0 799
0 1297
0 7787
0 8243
0 8593
0 1159
0 2928
0 7296
0 3425
0 7152
0 1457
0 2017
0 5627
0 5395
0 818
0 8610
0 6061
0 2616
0 773
0 3310
0 3837
0 865
1 18
0 223
0 3734
0 239
0 2823
0 3178
0 6322
0 2927
0 5176
0 1736
0 3316
0 3744
0 6812
0 5727
0 2415
0 5353
0 7195
0 5647
0 6694
0 8225
0 6855
0 6017
0 3745
0 4641
0 6903
0 898
0 3472
0 7530
0 6543
0 855
0 681
0 2122
1 17
0 1152
0 1164
0 2928
0 4173
0 6025
0 7771
0 5003
0 4526
0 1495
0 9817
0 9000
0 4398
0 9295
0 8371
0 5259
0 1265
0 3396
0 7886
0 173
0 6681
1 9
0 9329
0 9026
0 6041
0 7762
0 3396
0 3733
0 7945
0 8666
0 6818
0 4840
0 1823
0 1409
0 4949
0 5112
0 704
0 8513
0 6084
0 6679
0 4064
0 2527
0 2466
0 3316
0 7404
0 7827
0 3644
0 5235
0 4711
0 710
0 7628
0 8391
0 7216
0 1335
0 7008
1 10
0 6009
0 9661
0 2498
0 5315
0 7676
0 8066
0 6822
0 5874
0 9418
1 5
0 9722
0 2690
0 9714
0 5100
0 3367
0 1316
0 1693
0 4004
1 4
0 320
0 4447
0 2194
0 6494
0 4598
0 6135
0 5562
0 7844
0 3172
0 9786
0 5085
0 6756
0 8148
0 2527
0 4073
1 11
0 8790
0 853
0 4146
0 9649
0 8812
0 8332
0 788
0 4413
0 2714
0 1527
0 6977
0 493
0 3503
0 6494
0 5797
0 701
0 4132
0 1720
0 6236
0 6439
0 7206
0 586
0 6026
0 458
0 6567
1 20
0 5792
0 2316
0 124
0 9667
0 7780
0 4243
0 9175
0 1345
0 1187
0 9066
0 4965
0 1599
0 657
0 3534
0 4983
0 1240
0 713
0 1007
0 1955
0 567
0 7414
1 1
0 1878
0 3106
0 2012
0 4103
0 9046
0 2737
0 6700
0 402
0 7830
0 290
0 5021
0 9953
0 147
0 1128
0 4302
0 2697
0 6935
0 4476
0 5767
0 2258
0 7935
0 3064
1 1
1 17
0 4107
0 8488
0 6140
1 12
0 8037
0 2636
0 7644
0 7730
0 6526
0 9126
0 6626
0 1803
0 4233
1 5
0 1874
0 3286
0 2621
0 6603
0 6199
0 1218
0 1241
0 8056
0 3097
0 3736
0 7390
0 9982
0 3812
0 4546
0 3261
0 6377
0 2523
0 1394
0 9257
0 6712
0 7839
0 3296
0 6863
0 4468
0 417
0 7340
0 3858
0 9146
0 9353
0 2360
0 8136
0 5265
0 1884
0 9948
0 6533
0 5730
0 3804
0 536
0 3366
0 9755
0 4693
0 1457
0 565
0 8069
0 2199
0 1937
0 4023
0 5777
0 9811
0 2088
0 8817
0 9340
1 8
0 9491
0 1361
0 205
0 6518
0 2138
0 5982
0 6466
0 6706
0 5374
0 7619
0 4042
0 1535
0 5311
0 2328
0 3075
0 3746
0 8699
0 3535
0 8597
0 143
0 6981
1 10
1 5
0 6426
0 1072
0 9391
0 4270
0 2523
0 1756
0 6374
0 682
0 9036
0 1876
0 1536
0 2480
0 369
0 4293
0 9019
0 9722
0 3882
0 5285
0 2442
0 9453
0 9696
0 4467
0 2014
0 282
0 8046
0 1889
0 3585
0 2345
0 1164
0 2539
0 1467
0 6485
0 8961
1 18
0 477
0 7285
0 8630
0 3243
0 3316
0 9132
0 4555
0 5987
0 9571
0 7681
0 656
0 3915
0 5789
0 1220
0 7205
0 237
0 8658
0 8564
0 8121
0 5918
1 19
0 9151
0 1175
0 890
0 3063
0 2355
0 8788
0 1078
0 1381
0 2267
0 6815
0 1076
0 8600
0 9411
0 9150
0 5089
0 3509
0 7942
0 4521
0 3274
0 1675
0 7076
0 8861
0 6578
0 570
0 9538
0 1459
0 6296
0 9509
0 9336
0 3875
0 2307
0 6594
0 1851
0 9109
0 9159
0 9042
0 9233
0 1350
0 828
0 8095
0 7376
1 5
0 2477
0 4213
0 5375
0 2750
0 9121
0 9247
0 5193
0 4509
0 9910
0 4329
0 8761
0 5653
0 1164
0 36
0 9126
0 6017
0 7611
0 1850
0 685
0 839
0 9784
0 4621
0 6267
0 2328
1 8
0 7315
0 6719
0 893
0 5850
0 6378
0 2179
0 5613
0 5676
0 7401
0 2193
0 9626
0 2383
0 5620
0 2467
0 7794
0 5600
0 8829
0 8726
0 2504
0 6571
0 9267
0 2649
0 2726
0 2464
0 7350
0 3149
0 4672
0 5767
0 3116
0 5779
0 1789
0 2644
0 8591
0 1395
0 212
1 14
0 3960
0 9261
0 463
0 5537
0 8382
0 1726
0 503
0 8693
0 8159
0 788
0 7292
0 4383
0 4126
1 19
0 1873
0 9724
0 686
1 17
0 8541
0 9583
0 5804
0 7603
0 7783
0 5791
0 4163
0 1426
0 4967
0 9254
0 4833
0 5591
0 8744
0 2737
0 2037
0 5731
0 6368
0 6276
0 9208
0 7759
0 7272
0 1474
1 9
0 4562
0 6314
0 4786
0 5726
0 9733
0 468
0 982
0 3816
0 5562
0 3982
0 889
0 2687
0 4479
0 3141
0 610
0 9598
0 2403
0 800
0 7710
0 5129
0 1201
0 4208
0 9675
0 3052
0 6580
1 6
0 7397
0 9802
0 801
0 1235
0 6118
0 7669
0 7931
0 9751
0 33
0 4351
0 552
0 9336
0 6917
0 53
0 8947
0 5747
0 3576
0 3728
0 9730
0 9855
0 4835
0 1999
1 10
0 4336
0 1411
0 4709
0 2
0 1969
0 7865
0 9003
0 1329
0 3498
0 6966
0 835
0 9132
0 9542
0 1729
0 1151
0 7123
0 4232
0 3143
0 5569
0 1479
0 5583
0 1541
0 3463
0 8749
0 9106
0 7984
0 1974
0 9658
0 1664
0 4436
0 8378
0 727
0 4198
0 3016
1 14
0 9421
0 9402
0 6178
0 8354
0 8885
0 6520
0 5505
0 3451
0 4825
0 3338
0 5538
0 8712
1 5
0 4786
0 6129
0 9600
0 6356
1 15
0 1316
0 5471
0 8114
0 9686
0 8231
0 8764
0 8532
0 794
0 7589
0 1721
0 4068
0 2936
0 42
0 8047
0 2851
0 6111
0 2766
0 5707
0 6619
0 1679
0 9546
0 2600
0 9934
0 5196
0 6315
0 3680
0 7971
0 8784
1 8
0 7054
0 7956
0 2305
0 6008
0 9608
0 1635
0 1519
601 0 7302
309 0 5793
495 0 3305
851 0 3890
410 0 4810
30 0 5877
159 0 3589
694 0 6944
89 0 5760
737 0 6693
184 0 2774
9 0 584
228 0 5826
917 0 9436
928 0 5422
263 1 4
572 0 8460
318 0 2892
871 0 2288
826 0 2918
19 1 9
601 0 9960
834 0 1276
59 0 7633
495 0 9348
578 0 9956
749 0 6575
297 0 9166
895 0 2061
698 0 9069
995 0 5831
539 0 4804
124 0 9379
894 0 9436
859 0 3523
908 0 6278
263 0 9754
918 0 7353
787 0 5680
332 1 6
993 0 8638
752 0 7941
621 0 9130
163 0 178
691 0 139
438 0 5401
598 0 5072
951 0 8802
225 0 5560
244 0 1017
581 0 4840
237 0 2341
911 0 2141
885 0 3169
159 0 4606
87 0 8134
841 0 2446
531 0 8985
670 0 8816
310 0 6582
275 0 9509
559 0 5127
105 0 9590
95 0 594
713 1 6
904 0 5094
731 0 5261
725 0 4823
21 0 4349
40 0 715
612 0 4187
391 0 5294
204 0 8348
714 0 5239
549 0 5826
846 0 5737
497 0 7314
644 0 8556
484 0 2636
460 0 5376
341 0 2100
456 0 9708
458 0 1271
652 0 9986
341 0 4683
869 0 2221
839 0 2769
372 0 3799
306 0 5981
930 0 6412
12 0 1395
25 0 2237
139 1 8
372 0 1536
253 0 6350
309 1 20
325 0 4924
87 0 7948
392 0 5587
234 1 13
491 1 18
756 0 7554
968 0 2937
534 0 5466
946 0 8169
92 0 6942
518 0 5210
623 0 4393
518 0 5484
912 0 3241
105 0 4817
766 0 9472
861 0 5268
957 0 6672
833 0 2158
961 0 6533
745 0 6769
588 0 6692
252 0 8244
774 0 5145
346 0 2210
454 0 5923
624 0 7849
188 0 6680
367 0 1441
125 0 6715
478 0 2140
637 0 6346
418 0 3496
97 0 2193
900 0 7122
595 0 4357
655 0 1027
971 0 270
717 0 6007
558 0 9404
594 0 6886
638 0 7538
453 0 2018
97 0 1219
613 0 8109
298 0 2109
470 0 3501
548 0 551
439 0 5028
396 0 1376
63 0 5506
686 0 1663
792 0 4534
232 0 1564
476 0 2265
312 0 7580
79 0 4012
175 0 5253
564 0 6846
347 0 3423
594 0 4436
317 0 437
116 0 935
281 0 4787
927 0 8467
370 0 2557
27 0 7603
261 0 9239
644 0 8813
986 0 5591
428 0 8572
255 0 2405
283 0 6711
747 0 6072
438 0 4522
265 0 3924
305 0 2720
77 0 8513
866 0 6104
691 0 2365
902 1 18
926 0 9970
451 0 2160
502 0 324
957 0 2573
292 0 8949
347 0 5767
116 0 9155
829 0 5632
387 0 7471
482 0 9188
630 0 1562
345 0 9613
754 1 5
987 0 5232
697 0 2169
850 0 6276
419 0 3584
618 0 5211
563 0 311
366 0 6439
573 0 2981
755 0 7821
414 1 11
166 0 7482
683 0 2828
778 0 868
607 0 4045
697 0 5649
728 0 7643
835 0 1724
706 0 7363
275 0 9102
973 0 4117
461 0 139
981 0 7932
611 0 6670
393 0 3552
145 0 4447
681 0 5919
617 0 9673
468 0 7676
203 0 1837
439 0 2466
6 1 20
308 0 4866
807 0 6419
309 0 1609
469 0 3042
876 0 1044
372 0 402
190 0 4929
992 0 9389
162 0 9192
216 0 477
702 0 3771
427 0 9218
365 0 5115
53 1 7
973 0 3185
378 0 3761
129 0 6624
95 0 3321
284 0 808
64 0 2224
984 0 8568
366 0 7645
708 0 6531
93 0 1584
185 0 9519
530 0 9583
74 0 8429
597 0 4776
294 1 1
496 0 2774
613 0 4702
616 0 8866
4 0 1192
550 0 3014
63 1 1
691 0 260
141 0 7489
20 0 7466
28 0 6529
656 0 3974
747 0 5662
785 0 1905
155 0 8587
504 0 6530
568 0 7396
372 0 5212
700 0 5471
308 0 2649
81 0 1973
586 0 2425
177 0 3431
464 0 6049
254 0 3305
889 0 476
254 0 1723
439 0 2509
387 1 10
622 0 3305
654 0 4301
45 0 8753
512 0 5935
128 0 7985
374 0 8428
59 0 9828
752 0 4630
503 0 1509
850 0 1690
458 0 6747
313 0 5260
371 0 8836
643 1 5
862 0 429
159 0 6348
933 0 5456
776 0 6790
491 0 6400
490 0 1868
328 0 3887
702 0 4872
294 0 3351
837 0 3059
96 0 3466
485 0 3169
259 0 9642
51 0 1587
624 0 6938
80 0 2055
255 0 816
129 0 4385
751 0 10000
694 0 7238
463 0 7619
586 0 3403
191 0 2499
785 0 6536
524 0 2197
905 0 3131
664 0 5059
535 0 5427
539 0 3045
102 0 798
171 0 9090
676 0 9707
586 0 1887
248 0 6335
376 0 3736
930 0 4768
132 0 6860
891 0 9615
271 0 3551
221 0 5323
158 0 5023
239 0 696
796 0 2651
207 0 7016
344 0 297
352 0 6423
116 0 1718
653 0 3323
789 0 9322
950 0 4805
832 0 8921
756 0 3770
668 0 1607
920 0 9218
835 0 6790
112 0 6402
270 0 3711
609 0 6542
538 0 7731
600 0 9773
803 0 3195
465 1 18
496 0 1535
994 0 4748
260 0 9391
822 0 2548
38 0 7091
673 0 5888
990 0 2415
412 0 8583
192 0 6047
759 0 2935
866 0 7822
917 0 7927
482 0 4158
630 0 6621
515 0 4941
454 0 3653
375 0 4675
722 1 5
371 0 1095
391 0 6817
210 0 1635
755 0 2259
572 0 6076
94 0 4511
413 0 8192
694 0 5201
509 0 7897
441 0 9013
348 0 6699
320 0 7760
488 0 1906
959 1 11
735 0 5292
432 0 6800
432 0 415
521 0 9714
95 0 1101
753 0 5888
114 0 7839
323 0 385
57 0 3821
649 0 809
670 0 2503
915 0 4716
936 0 7154
985 0 1389
31 0 5328
873 0 7249
553 0 7926
538 0 2934
754 0 715
332 0 726
515 0 4904
215 0 8492
121 0 1716
419 0 1897
95 0 7028
105 0 5021
322 0 9325
851 0 2546
702 0 1388
968 0 1990
322 0 8379
635 0 5505
792 0 6781
550 0 8603
324 0 5919
987 0 9009
784 0 3377
14 0 1926
573 0 4597
312 0 7440
506 0 5939
650 1 14
708 0 1209
696 0 9359
673 0 6299
158 0 2769
702 0 146
630 0 2555
26 0 6839
582 0 2297
254 0 9179
285 0 8624
717 0 7375
66 0 5098
610 1 20
826 0 3443
220 0 3607
811 0 9802
387 0 4331
633 0 3969
163 0 548
871 0 3755
954 0 7093
828 0 6604
332 0 7309
658 0 8847
259 0 4052
377 0 9149
968 0 4004
153 0 8982
389 0 4984
364 0 1909
271 0 2533
135 0 4298
320 0 670
812 0 909
418 0 6907
888 0 7518
340 0 8668
339 0 8611
569 0 1546
253 0 419
258 0 5259
155 0 1136
860 0 9125
79 0 6814
802 0 9160
380 0 5574
450 0 4491
942 0 8231
176 0 3383
330 0 3109
31 1 9
633 0 8135
642 0 6312
830 0 9681
914 1 9
732 0 8697
998 0 1403
768 0 7596
201 0 4772
668 0 5631
309 0 2255
371 0 1020
962 0 1718
764 0 6293
141 0 4647
237 0 1607
970 0 9026
399 0 9273
761 0 1641
143 1 16
620 0 9217
25 0 644
265 0 6236
57 0 7531
53 0 5890
730 1 8
228 0 7519
446 0 5149
461 0 7878
632 0 9412
474 0 7716
311 0 1180
525 0 8916
402 0 8487
145 0 1323
605 0 5954
352 0 275
137 1 10
949 0 9187
50 0 6130
384 0 2676
587 0 1081
754 0 9876
193 0 2673
804 0 8574
924 0 7469
884 0 6971
466 0 4322
936 0 289
964 0 2403
195 0 1597
628 0 8030
809 0 8843
582 0 558
927 0 5138
139 0 178
703 0 3945
508 0 4820
187 0 5176
170 0 8255
260 0 8398
576 0 2255
867 0 2811
879 0 2722
437 1 2
959 0 875
600 0 9091
664 0 737
926 0 7377
296 0 1048
787 0 6499
812 0 1848
659 0 1918
140 0 7042
772 1 8
595 0 791
704 1 20
351 0 2582
555 0 934
936 0 3144
526 0 9135
590 0 3860
714 1 5
462 0 7637
654 0 4451
334 1 16
136 0 3494
341 0 4689
206 0 7198
471 0 4865
771 0 5037
480 0 299
303 0 7086
194 0 3010
949 0 2411
782 0 3020
373 0 3020
51 0 7499
698 0 4662
511 1 17
428 0 5251
933 0 3839
594 0 3682
145 0 8225
648 0 3964
255 0 7368
52 0 9290
345 0 8974
152 0 8896
467 0 1861
669 0 2645
952 0 8558
387 0 205
265 0 3215
280 0 4802
32 0 2065
786 0 653
874 0 8682
842 0 890
394 0 5188
930 0 5463
57 0 6507
408 0 9700
364 1 6
242 0 7414
682 0 9008
437 0 4230
890 0 5985
229 0 6765
177 0 8203
132 0 2751
970 0 1399
604 0 9168
965 0 8157
243 0 6215
441 0 5996
53 0 8693
347 0 4626
372 0 8035
507 0 8214
177 0 9337
797 0 3939
586 0 5516
912 0 9802
163 0 9435
731 0 1633
149 0 4445
341 0 1490
96 0 1372
950 0 1410
162 1 11
397 0 9293
739 0 9644
440 0 9852
403 0 5762
342 0 8108
525 0 7871
820 0 4165
603 0 2510
653 0 6783
605 0 6739
428 0 1588
877 0 2382
634 0 9425
181 0 7609
821 0 9253
791 0 802
886 0 3475
148 0 2173
510 0 1626
443 0 3676
682 0 9341
238 0 6007
704 0 9139
996 0 2305
117 0 1464
910 0 4630
397 0 4675
395 0 1750
714 0 1761
425 0 1940
221 0 2479
46 0 8775
273 0 5688
313 0 7541
849 0 414
9 0 3309
487 0 5674
749 0 7441
691 0 6596
927 1 11
36 0 2906
472 0 7100
905 0 8992
84 0 7455
395 0 873
543 0 9132
796 0 4007
634 0 836
128 0 8695
329 0 1520
365 0 5810
503 0 3033
672 0 295
45 0 8315
842 0 2500
892 0 434
899 0 2032
743 0 6635
392 0 7756
669 0 6005
856 0 7021
93 0 6363
933 0 9400
69 0 1797
741 0 6744
768 0 3690
655 0 1253
401 0 1286
310 0 1751
184 0 6290
336 0 8165
240 0 6591
25 0 3353
97 0 1314
343 0 3441
822 0 8625
766 0 5231
106 0 4741
516 0 6567
639 0 2123
718 0 4000
853 0 9281
845 0 9652
629 0 5759
387 0 6283
70 0 1461
149 0 2654
985 0 7739
507 0 6944
559 0 243
929 0 2519
970 0 7115
962 1 13
530 0 7551
617 0 1937
674 1 16
536 0 2274
174 0 1993
14 0 9422
673 1 12
746 0 431
976 0 8723
446 1 18
798 0 5590
467 0 9563
794 0 7496
365 0 4620
347 0 32
381 0 10000
597 0 3752
319 0 8642
589 0 5637
777 0 7729
986 0 1706
548 0 2727
196 0 1944
182 0 6219
534 0 4959
560 0 8786
666 0 2397
958 0 1313
624 1 14
378 0 1479
981 0 7680
915 0 8883
130 0 8898
949 1 14
510 0 5541
760 0 9557
749 0 2735
918 0 4720
894 0 8854
197 0 5076
452 0 2699
433 0 471
128 0 9706
139 0 1508
982 0 1743
821 0 9642
291 0 2628
116 0 466
859 0 3652
340 0 6629
488 0 11
14 1 6
438 0 5115
486 1 9
693 0 7446
382 0 3712
373 0 7650
224 1 11
787 0 7400
661 0 2486
210 0 4110
919 0 2450
182 0 8519
274 0 5016
567 1 1
806 0 8074
448 0 5038
125 0 3662
974 0 681
355 0 3508
788 0 2349
960 0 6862
822 0 7479
594 0 7024
260 0 8849
253 0 6502
335 0 9636
577 0 2375
41 0 7738
833 0 3235
798 0 2146
443 0 6902
37 0 5425
987 0 7200
550 0 8365
199 0 3115
695 0 3808
665 0 5486
136 0 823
28 0 2325
359 0 6020
164 0 6443
959 0 6098
432 0 5244
606 0 6634
237 0 9044
939 0 185
981 0 8292
691 0 4416
913 0 3904
692 0 6480
274 0 4287
661 0 7309
338 0 5591
754 0 9358
936 0 6037
425 0 4479
895 0 4677
965 0 2239
25 0 2069
781 0 9665
611 0 5089
622 0 5680
909 0 8787
855 0 941
419 0 9389
401 0 3544
873 0 279
517 0 9244
68 0 1495
737 0 2687
735 0 3622
222 0 2376
749 0 7222
24 0 7412
467 0 8877
736 0 8156
464 0 9068
660 1 19
624 0 2404
330 0 4634
948 0 9580
538 0 4548
913 0 3254
104 0 6911
718 0 4953
757 0 4119
268 1 2
857 0 4191
910 0 2087
652 0 6807
613 0 6855
529 0 6838
64 0 8304
514 0 3473
774 0 6659
690 0 668
185 0 9579
727 0 4245
873 0 451
832 0 5012
477 0 1699
659 0 6406
382 0 9841
34 0 5446
674 0 4231
663 0 8863
69 0 5438
416 0 8966
110 0 8224
857 1 6
846 0 6725
584 0 8992
246 0 3471
260 0 1575
377 0 9561
103 0 9591
658 0 9283
770 0 9150
354 0 196
168 0 2974
222 0 1399
920 0 9926
403 0 8659
795 0 5280
357 0 5423
763 0 8916
145 0 3436
564 0 1977
360 0 9821
746 0 5420
255 0 6505
30 0 9276
851 0 8301
188 0 3609
32 0 4327
862 0 250
413 0 9645
624 0 6384
73 0 4113
462 0 5387
915 0 6145
167 0 1310
112 0 8240
701 0 1890
226 0 3320
66 0 5203
484 0 699
221 0 8310
299 0 8077
141 0 9
814 0 7072
54 0 6199
318 0 9936
330 0 740
811 0 139
826 0 4942
40 0 6526
555 0 4242
857 0 1963
994 0 3384
310 0 1344
606 0 1234
783 0 2589
347 0 2973
433 0 1782
231 1 9
293 0 3692
676 0 9428
675 0 7057
557 0 6184
688 0 6820
293 0 7728
785 1 18
269 0 3093
498 0 4604
493 1 6
253 0 3816
122 0 4026
473 1 19
825 0 2312
561 0 2498
817 0 7070
113 0 9029
419 0 5809
355 0 1472
476 0 5766
994 0 3579
684 1 12
690 0 9327
129 0 5969
612 1 19
750 0 6832
234 0 1315
162 0 9511
800 0 8167
619 0 4546
754 0 176
183 1 5
504 0 704
172 0 8352
107 0 6260
268 0 7360
164 0 6080
158 1 5
497 0 6422
246 0 7021
110 0 7247
353 0 3137
132 0 6857
937 0 1085
211 1 1
492 0 9527
550 0 1821
611 0 7930
575 1 5
263 1 20
433 0 5654
735 0 5416
10 0 8328
269 0 1211
849 0 2692
808 0 9823
854 0 8932
384 0 7442
368 0 5635
126 0 7491
