0
50
10 4
9497 7013 8513 9679 7673 8329 7649 7351 9973 8923
10 1
7873 7219 7649 7127 7283 7853 7573 7561 7411 9209
10 1
8053 8597 9013 7349 7549 9743 7681 8839 9199 7499
10 3
8867 8887 9007 9601 7333 7109 9551 7417 9473 7753
10 5
9437 7411 8831 8237 9839 7753 7817 8951 7529 8069
10 1
7159 9067 8689 8117 7013 8821 9043 8741 9601 8647
10 7
8521 9719 9277 8191 7927 9679 7993 9689 8737 7109
10 3
8563 9973 8627 8111 7211 9461 7481 9209 8287 7043
10 8
9679 9157 7243 7561 7207 9281 7829 9887 9631 9859
10 4
8273 9461 7817 7459 7229 8629 9227 7237 7561 9721
10 1
9103 9811 8581 9403 9631 9151 7229 7121 8521 8389
10 10
9341 9643 8837 7817 9511 8009 8693 8539 8501 9931
10 8
7369 8861 7013 9467 7411 9883 9497 9887 8039 8527
10 7
9811 9091 8807 8677 8273 7583 8731 7759 7331 9203
10 6
9199 9551 8513 7529 9547 7219 7477 7583 7789 7649
10 9
8353 7127 9209 7297 9137 7517 7867 8863 8807 8269
10 4
9883 9463 9833 8191 7951 8951 7963 8431 8311 9467
10 8
7207 8353 9067 9613 7561 9349 8663 8081 7901 9199
10 9
8237 9839 7321 8467 7103 7517 8681 7853 9067 8821
10 3
7691 7159 9629 8929 9011 8467 9587 9857 8431 7477
10 10
7759 7963 8269 8237 8677 7603 8629 7517 8543 9091
10 10
7703 9283 9059 9439 7741 8389 9787 7151 8681 9391
10 1
9043 8009 7433 9689 7559 9419 9923 8999 9887 8039
10 1
7487 7523 9173 7727 8243 7829 7577 9533 9109 8929
10 2
9439 9949 9463 8747 9839 7583 9343 9967 8741 7591
10 1
8011 9491 8747 8423 9181 8311 7297 8887 9029 9221
10 2
8009 8291 7529 8629 9007 9679 7129 7643 8741 9697
10 2
9833 7417 7159 7477 9767 9497 7927 9227 9941 8821
10 2
8263 9733 7417 8273 8387 7793 7309 9433 7229 8431
10 7
9011 9967 8209 7103 7057 7297 8543 9239 8101 9803
10 4
7963 7703 9887 8821 8999 9539 7253 8539 7927 9337
10 6
8627 8537 9007 8867 9883 8017 8221 8563 7541 7283
10 3
8291 7229 7867 8179 8293 9787 9941 7177 9311 8089
10 8
8161 7867 8269 7297 7243 9283 9341 7309 8713 9181
10 1
9413 9533 8431 8537 8819 7247 9643 7211 7121 7937
10 8
9967 8641 7499 9283 7127 8563 8111 8501 8311 8389
10 6
9397 7577 8237 7757 7867 7039 8693 9043 7477 8171
10 1
9001 9391 9181 9461 7283 7247 9829 8171 9791 7817
10 7
8681 8779 9749 8017 8951 7603 7489 8237 9811 7369
10 9
8849 9551 8831 8861 8663 8761 9001 9679 7741 9811
10 3
8647 8597 8287 7069 9239 7757 7451 8831 9337 8059
10 6
9397 9323 8069 7489 8243 9337 8753 8191 9601 7853
10 8
9491 7873 7669 8861 8753 9511 7043 8681 7039 9467
10 6
9041 9551 8747 9473 7411 9349 9787 8263 7919 7757
10 7
7673 9511 9769 8219 9689 8191 9209 8387 9173 8599
10 5
9967 9613 9629 7793 9337 8867 8059 9923 9403 7703
10 2
7853 7577 8521 9923 9803 7001 9161 8089 7351 9437
10 9
8269 7817 7681 8693 8929 9391 8377 8713 8429 8123
10 3
9091 8893 8861 7069 9439 7727 8369 7417 7103 8753
10 9
8369 9133 8783 9689 8291 9829 8087 9497 9733 7937
