100 81 657
63 64
70 5
86 3
72 27
55 70
84 72
45 45
77 7
58 49
99 31
7 8
15 25
15 65
79 3
46 71
87 20
43 31
22 27
84 43
69 30
62 44
1 39
62 6
62 55
67 42
30 67
22 8
56 65
54 56
33 27
45 7
32 57
60 36
25 54
64 66
27 70
16 54
40 75
38 36
97 39
25 74
29 56
32 74
71 13
69 57
22 57
79 18
16 68
23 81
50 33
67 9
43 71
94 32
39 25
28 67
32 61
1 67
48 72
28 10
75 46
68 24
83 48
60 7
96 73
54 60
30 44
14 24
81 61
45 17
25 8
99 70
86 43
79 21
14 62
17 72
63 75
25 46
63 71
41 18
55 19
9 19
23 28
24 76
65 23
15 44
93 4
50 54
37 41
72 56
95 78
30 26
95 55
4 5
71 50
47 26
78 56
2 74
48 16
10 80
78 4
18 67
4 80
34 62
45 59
39 66
32 33
38 7
39 55
65 21
42 23
66 6
57 26
95 63
69 22
18 38
46 11
96 8
65 3
14 71
62 52
16 10
78 72
38 79
64 11
85 65
52 3
48 53
100 25
46 40
9 54
96 64
77 1
41 37
31 43
39 63
83 14
98 74
66 54
38 80
81 38
19 26
74 10
47 40
33 13
14 67
52 69
77 45
58 16
25 73
52 32
12 65
52 19
22 26
75 21
31 62
11 2
96 80
3 64
98 36
92 30
47 38
87 59
51 4
14 63
28 78
57 35
18 5
34 10
92 12
92 47
67 63
24 47
30 69
73 67
12 43
71 23
98 38
14 34
60 21
59 75
45 30
17 29
15 66
23 40
85 74
32 69
85 42
8 22
58 8
59 31
76 4
58 51
76 12
32 6
29 57
99 68
98 4
81 66
19 53
40 24
53 45
3 3
33 39
11 74
72 39
39 20
36 29
12 7
35 6
26 11
91 74
35 72
22 71
40 38
71 10
6 5
60 54
27 69
84 31
55 72
19 29
70 45
91 65
72 34
4 61
27 37
39 74
74 29
60 28
97 23
45 31
46 22
75 44
94 20
44 47
91 14
52 39
80 29
37 63
6 72
73 61
38 70
100 67
60 56
78 76
97 30
10 35
56 39
24 74
13 76
87 26
37 71
3 77
54 9
59 59
75 45
50 30
26 32
25 62
44 68
71 2
59 48
81 52
58 36
6 30
14 65
23 15
79 58
89 47
24 15
53 75
51 81
50 43
56 48
100 80
19 52
99 1
98 49
53 1
23 65
32 67
44 6
81 80
64 49
70 27
10 32
90 33
53 15
17 10
5 73
58 31
58 7
60 12
87 25
16 79
64 26
57 9
5 80
14 76
31 29
19 28
54 19
30 71
66 42
5 9
52 16
36 68
84 37
49 72
2 55
43 66
62 46
51 69
92 38
90 21
13 61
72 15
87 58
67 16
92 7
74 65
48 36
13 6
58 38
42 12
95 40
64 48
44 10
51 8
44 48
51 20
25 48
32 38
67 65
61 24
33 33
48 15
66 72
85 10
47 39
69 24
36 53
24 73
75 69
65 70
92 43
52 43
7 28
83 32
64 39
26 33
28 35
80 30
23 79
57 42
23 76
90 59
69 34
70 59
63 51
68 36
63 19
41 4
82 7
69 35
98 18
35 35
14 64
83 68
4 79
36 39
3 36
70 3
39 43
76 1
62 78
37 8
44 74
14 50
86 19
54 50
46 77
21 10
59 4
7 58
96 6
23 1
61 68
20 70
36 23
6 48
78 59
50 25
41 17
2 51
60 46
31 57
31 1
63 18
50 37
52 20
2 6
48 40
79 52
21 50
95 69
62 77
14 5
60 14
9 51
66 29
67 72
52 59
24 34
64 20
35 43
81 45
68 30
72 76
78 81
42 53
15 18
79 38
90 68
28 13
32 48
74 56
87 37
76 47
9 20
4 68
91 48
98 78
85 13
35 80
73 59
33 72
17 33
81 19
2 1
32 49
62 48
88 18
43 69
65 40
46 33
74 64
100 55
74 4
52 70
76 35
24 80
80 59
33 14
77 81
33 34
58 39
65 63
89 60
77 53
43 51
41 68
68 41
15 58
1 38
38 6
65 7
17 76
69 79
22 16
1 80
90 30
86 46
10 43
47 3
77 22
3 55
17 5
41 21
27 77
9 40
74 54
78 54
63 8
49 29
99 17
81 36
56 59
75 3
83 37
33 75
22 41
25 55
33 2
12 67
100 11
48 43
15 6
46 13
69 40
91 6
27 24
17 54
3 76
13 35
1 71
25 7
37 80
35 45
78 53
71 75
53 55
27 72
33 4
91 22
27 2
40 33
84 53
68 40
87 22
44 20
99 22
5 32
19 24
84 12
99 33
34 55
43 48
40 74
36 66
80 3
93 40
77 71
15 36
94 66
42 16
65 31
26 71
11 12
28 7
45 41
41 50
38 3
46 30
7 67
25 67
98 63
25 40
67 25
71 57
49 51
88 51
67 41
83 73
15 54
88 38
42 50
14 11
30 73
29 67
58 81
30 68
20 16
67 18
79 54
69 26
55 10
80 24
62 71
86 57
41 2
63 47
97 52
41 78
37 25
70 47
96 81
56 23
19 20
94 31
4 6
74 79
30 57
52 14
58 33
98 29
23 45
56 37
91 41
4 27
68 49
21 64
23 22
66 1
22 36
28 63
92 52
49 39
51 47
63 42
44 29
27 7
16 15
56 63
9 24
31 55
76 28
7 76
89 57
86 35
37 13
16 58
98 8
66 50
90 20
24 13
91 60
12 13
36 15
87 29
19 22
44 73
82 8
83 33
64 40
57 75
40 79
95 5
13 21
6 1
30 79
3 8
88 35
92 69
42 57
21 4
33 41
52 63
47 49
80 28
78 45
90 65
53 36
72 20
13 16
40 56
76 37
4 60
100 64
57 53
8 20
56 78
18 3
94 28
18 40
68 21
72 10
