2000 2000 1000
492338263 360161538 229754591 423621173 422918417
1140 10 59 795 802 858
97 1087 1091 805 877 865
140 565 95 928 255 281
936 725 100 1041 821 887
41 1016 1069 854 800 959
132 106 343 915 863 800
53 671 896 455 819 912
1186 1193 1674 1607 265 92
1074 300 973 1149 824 827
111 1149 1441 1289 519 274
584 1094 41 234 834 813
1005 54 1151 1032 849 865
502 1066 1081 133 861 811
207 1020 831 19 827 954
465 908 553 10 909 829
859 196 1058 1066 863 805
826 1148 457 61 879 850
1175 177 766 1063 818 859
48 897 1117 800 872 854
1172 218 86 581 827 994
77 534 1091 533 812 928
1016 1070 1088 29 853 852
639 991 793 25 828 826
275 328 1117 119 837 861
979 275 109 606 840 807
11 817 1101 16 826 953
17 335 968 338 929 836
629 269 289 1166 822 820
503 178 591 1132 928 857
99 211 1098 350 863 894
848 78 99 1098 969 899
978 51 111 1026 973 902
874 59 189 1172 821 804
11 809 992 8 832 941
682 1078 436 152 823 866
647 181 1099 1111 802 805
180 669 1114 330 866 886
27 174 964 680 936 952
288 1173 523 215 809 808
1099 202 34 207 806 908
448 269 325 1140 829 825
867 66 876 1083 907 805
544 1049 51 120 913 870
39 316 947 521 841 962
33 317 1062 164 918 946
24 901 880 315 819 853
156 80 856 1045 832 935
1120 619 145 633 823 902
1005 444 117 327 475 475
961 981 68 36 900 944
112 395 977 10 817 821
11 581 921 182 891 950
178 840 1089 437 864 942
1135 434 89 366 854 978
377 14 405 1098 885 899
764 1068 144 140 993 841
552 1025 1159 116 826 899
234 1020 231 206 897 810
846 13 267 1074 918 887
1106 652 125 307 802 814
1088 418 232 852 830 923
1107 355 30 108 883 871
1015 51 454 1052 979 810
34 175 1073 575 831 944
1055 485 103 931 805 819
785 138 151 1128 836 808
119 94 38 1063 860 901
1010 488 38 1050 963 903
509 291 368 1147 931 838
1382 557 247 56 401 284
289 1079 693 124 880 860
840 108 371 1047 839 899
1044 154 51 1079 933 832
1003 82 43 6 942 868
1060 310 5 581 801 860
877 105 45 918 801 840
977 361 40 163 820 891
1074 376 262 618 806 899
757 23 767 1011 890 839
364 187 937 1137 807 802
458 61 963 1093 924 822
948 438 60 916 800 956
501 287 590 1167 971 806
507 76 1085 1104 875 863
1020 596 67 292 868 946
1067 864 213 244 839 904
1037 627 133 98 805 950
1127 50 474 1014 864 875
896 1023 364 182 963 813
1040 121 192 1078 837 864
109 943 360 99 916 811
106 323 1007 275 837 988
169 684 1083 473 840 945
973 44 140 958 827 804
1005 317 4 792 962 851
50 1073 1007 740 836 821
429 80 6 1031 913 839
322 85 73 1106 979 806
930 723 20 803 850 888
27 1024 330 207 971 814
152 590 1054 1013 869 900
266 311 722 1146 850 810
1059 270 38 581 894 819
1162 455 323 950 805 873
1051 307 132 1153 897 813
752 192 460 1135 934 805
105 141 148 1161 902 837
3 175 980 378 946 811
1045 111 82 593 905 843
1136 944 25 498 861 949
169 1126 816 64 840 830
25 1089 148 120 889 899
988 994 42 164 820 957
139 65 973 161 802 833
614 30 1051 1028 903 855
513 55 998 1060 923 924
1026 1143 249 164 911 853
228 82 755 1120 835 836
1052 203 26 566 941 840
187 9 800 1017 827 880
479 1061 101 62 988 862
692 18 353 1130 840 821
1009 1080 190 398 801 816
27 49 991 264 921 808
1071 506 112 11 905 859
903 447 26 1138 814 853
1084 405 19 633 834 936
50 520 1014 1034 815 838
69 246 921 529 837 875
1141 228 4 525 836 879
462 1096 43 90 870 849
935 124 333 1148 825 811
67 1057 108 11 924 858
243 922 85 82 998 827
221 115 1073 260 806 980
229 738 1138 573 816 837
110 929 996 153 813 867
11 1047 155 202 878 838
82 769 1162 159 812 946
943 1082 625 135 974 861
710 119 1025 1057 957 928
46 207 627 1058 961 839
253 1025 1150 122 838 927
522 126 892 1091 850 893
237 755 1122 277 823 951
563 43 971 1029 973 944
683 1081 944 120 850 880
126 858 480 31 838 804
241 46 954 1102 911 834
130 757 1191 417 805 867
935 124 655 976 958 807
30 282 1057 858 906 912
1036 753 81 232 823 992
818 1058 435 177 848 829
1021 788 93 84 899 805
75 449 1120 845 876 981
82 859 1059 497 848 854
107 222 1074 505 815 943
448 934 542 26 971 817
1035 466 102 834 917 834
1005 813 184 720 800 874
920 1007 468 75 886 886
423 1009 182 93 853 893
105 155 990 781 875 854
1047 1067 26 760 861 929
994 210 8 36 941 823
884 935 936 54 843 845
1097 517 90 829 803 881
540 1139 903 3 928 806
1060 294 178 455 850 945
1146 847 277 852 845 928
285 187 878 1059 961 825
936 103 258 1068 856 814
293 1087 770 113 889 814
1023 545 4 596 877 972
1137 853 189 77 848 861
1034 77 573 1042 887 853
1112 921 57 238 863 920
61 446 995 328 875 837
452 124 716 1041 834 896
559 10 634 999 925 806
190 11 698 906 1000 846
337 1021 917 88 804 857
883 997 155 120 807 853
859 34 394 1054 885 922
121 290 965 642 829 881
143 164 1146 986 830 818
140 628 1120 1150 804 839
242 271 1148 330 847 986
1232 286 1538 1436 338 50
1046 114 116 170 849 978
466 1153 386 324 808 826
752 35 88 1114 875 820
1062 512 147 807 873 999
206 442 1124 315 869 845
1130 457 265 1052 853 828
884 1052 9 1090 832 821
34 898 1111 501 837 921
69 693 1023 290 918 909
1006 993 482 118 937 862
10 139 831 570 820 927
753 151 165 1001 906 816
919 95 46 286 833 887
1144 7 1075 921 857 909
438 76 124 1060 887 894
364 232 1661 1104 314 593
72 1143 87 28 986 845
442 1156 425 240 898 838
890 63 48 1118 990 822
77 939 1056 258 864 966
79 983 262 104 995 855
16 283 1012 1116 818 854
160 998 1129 800 833 973
65 197 1087 976 837 982
134 125 501 1010 893 827
392 1150 846 150 993 848
30 748 845 666 572 178
15 329 857 369 810 840
947 846 106 1011 805 819
1002 60 53 811 829 932
370 1042 390 98 891 942
195 122 1102 106 825 851
712 517 256 588 215 425
187 529 1037 851 837 864
35 1000 858 54 999 937
367 69 515 954 944 837
953 920 69 560 840 875
68 909 916 413 828 931
732 194 783 1098 895 856
767 27 691 951 917 883
19 711 1047 193 947 952
677 473 899 1297 264 538
1035 1125 313 182 856 859
724 957 709 71 914 849
206 90 562 1061 873 867
677 166 326 1066 957 888
186 88 120 957 921 851
1066 91 858 1014 827 857
429 229 548 1060 860 820
213 1105 821 71 806 807
6 542 908 159 844 895
924 183 179 1129 837 838
1041 450 111 182 801 862
39 406 982 530 918 984
1134 765 16 820 823 991
230 326 989 1137 941 808
528 850 44 10 975 809
572 53 299 1176 884 824
1080 455 124 743 848 829
1031 562 166 669 817 824
674 1075 464 182 823 880
1077 710 260 154 812 900
663 1129 981 244 813 811
980 300 14 841 805 903
804 1152 1718 1330 49 667
204 488 1166 681 816 842
304 1117 135 20 1000 806
988 793 81 541 887 884
69 380 1105 313 884 850
995 992 61 248 909 960
12 471 864 939 819 869
262 525 1143 300 855 928
124 976 846 155 814 804
171 566 1089 601 870 979
44 903 1118 271 880 898
976 601 71 336 833 811
1081 239 45 353 861 838
1133 178 290 280 834 961
906 900 245 38 975 807
231 183 1119 291 857 992
396 1057 3 25 894 880
682 963 845 125 954 817
524 1158 386 242 859 818
1094 506 6 576 902 934
1173 140 131 986 813 835
1097 605 188 33 826 900
131 1059 733 99 884 901
660 150 1068 1083 882 806
502 1112 855 58 845 822
7 882 1005 627 848 930
972 164 34 599 929 861
1668 566 1349 326 69 69
3 355 1065 789 836 839
1176 678 81 589 806 967
967 491 87 975 849 928
840 986 590 99 811 831
935 516 1470 1043 463 216
544 133 489 688 291 360
1 982 1130 95 830 962
102 48 303 1020 844 810
26 1065 1033 404 855 855
189 717 1088 51 885 811
254 824 1141 77 843 890
1072 165 7 193 897 808
176 740 1070 448 849 896
245 1046 1011 316 896 484
1039 1026 35 755 845 975
651 1046 522 49 876 886
307 683 1163 719 821 957
1105 795 74 650 858 976
565 993 215 69 835 808
457 1036 141 81 957 875
145 1100 59 237 956 845
748 110 521 1044 847 931
206 1088 25 111 998 808
17 344 1021 593 954 983
400 63 25 1156 946 807
6 766 960 57 942 871
1106 646 97 654 829 814
91 100 1116 929 874 932
99 485 1022 777 847 880
147 990 1125 682 872 958
111 1021 793 66 877 912
123 1081 964 48 968 864
20 959 1168 373 832 958
1017 717 60 333 808 961
1067 1043 1006 149 827 803
1058 13 116 474 933 808
1038 942 179 679 820 898
599 8 792 928 876 861
924 890 46 58 808 963
60 27 989 294 832 814
1000 168 318 1036 989 846
67 78 86 1159 904 841
18 461 955 259 907 968
969 1004 44 323 711 897
1151 21 84 132 823 996
1057 819 57 353 912 923
86 455 1142 403 841 923
141 104 1015 1020 837 893
205 535 1113 960 840 939
1266 1444 1835 127 132 135
831 67 669 997 827 859
125 1081 475 67 821 893
584 45 1004 1095 951 892
766 993 435 107 929 859
695 31 475 940 1000 867
248 272 619 1136 922 829
474 98 1003 1119 939 855
1073 791 179 791 827 992
25 140 1073 1046 839 867
76 429 1121 125 858 995
155 1014 33 48 902 807
1055 614 80 209 816 995
169 366 164 1195 802 802
294 982 49 29 878 876
64 115 1036 1161 951 826
14 707 1035 909 858 891
83 442 960 327 859 867
780 958 589 95 913 836
148 62 1059 408 883 952
266 6 333 1058 842 828
227 1080 809 122 969 817
953 808 104 108 832 990
790 86 49 895 828 801
139 928 1129 113 806 813
674 967 955 71 845 855
1020 687 86 541 860 994
1203 406 1367 774 87 178
66 512 1122 1051 871 847
481 59 781 1065 971 885
163 229 1058 1087 892 882
1076 121 1629 1846 338 17
7 405 1063 77 898 892
74 620 1045 234 840 829
152 1154 952 181 902 828
15 348 1028 676 805 953
19 19 1068 727 857 962
173 38 657 1360 137 303
472 49 510 1020 938 852
672 53 533 1064 816 838
1043 852 64 976 819 908
1068 1023 848 115 834 804
52 4 349 1026 894 867
1127 933 295 703 814 871
1043 890 63 308 875 867
50 797 888 432 804 852
249 930 1005 24 833 801
436 986 490 40 864 893
1121 558 173 333 868 897
490 900 211 16 906 848
297 1010 1173 580 814 934
136 114 1120 579 819 809
585 144 242 1034 870 807
650 26 993 1011 982 911
140 582 998 904 817 844
1062 433 23 846 801 843
1113 97 226 47 820 844
134 127 903 1068 845 893
98 5 829 1007 950 847
127 1045 125 57 865 885
808 965 847 12 853 881
652 1026 127 63 7 273
1045 367 63 801 903 822
1127 639 33 110 803 902
893 204 1049 1075 941 848
363 206 865 1059 976 835
548 1011 1136 137 843 838
538 31 454 942 877 849
101 58 36 936 975 818
678 170 36 1157 933 841
149 1012 402 100 826 841
10 628 983 140 927 871
87 897 1093 636 896 942
9 163 1125 384 825 942
1077 990 73 170 873 979
1099 48 833 956 860 907
119 210 600 1079 955 859
403 1020 306 93 875 804
24 36 868 999 894 905
45 1061 277 15 857 825
1162 425 136 65 830 984
308 1116 923 225 861 804
1063 852 114 182 886 929
114 629 1046 923 875 821
38 1016 37 116 828 869
108 130 1132 505 809 850
966 1091 501 243 967 838
457 977 801 1063 186 753
106 996 952 901 812 864
931 238 581 1116 968 807
361 12 877 1086 892 871
1052 455 2 744 933 823
280 1114 341 192 967 832
434 54 206 1033 813 906
151 519 1179 805 807 908
293 11 564 919 863 868
1094 285 84 315 889 849
733 22 274 934 976 870
5 87 881 657 846 818
607 247 486 1095 866 809
138 979 682 3 907 895
2 810 1179 444 804 897
1152 714 264 317 820 851
427 202 174 1068 921 835
11 151 993 998 914 871
849 949 14 931 819 927
62 1019 955 40 959 809
1029 1095 95 488 861 828
70 902 987 219 843 921
1052 1126 1122 211 861 806
731 974 1053 155 847 809
223 1170 753 126 855 830
207 45 270 861 932 810
719 282 1016 1134 951 841
405 956 598 25 885 916
54 1015 666 140 937 817
1153 243 126 535 817 951
362 253 702 1132 933 855
357 1079 421 62 856 867
135 87 975 1028 873 832
664 1141 641 101 895 802
448 1034 187 76 895 831
150 2 136 981 828 914
36 151 1015 1115 933 860
1063 861 26 903 931 922
859 93 692 1173 892 821
413 1039 228 101 844 803
983 987 4 843 941 955
91 556 1160 396 810 951
636 103 162 1086 901 803
852 939 32 104 978 819
247 1183 482 178 878 810
337 1144 526 183 936 826
151 856 1033 38 800 807
56 370 1039 501 804 998
153 210 1036 1085 945 811
888 268 338 1116 820 821
323 19 700 982 879 960
282 128 1135 531 808 906
241 225 137 1050 870 820
892 58 19 817 826 930
321 1054 396 174 984 850
1043 97 1115 1036 881 908
53 546 1052 554 912 872
108 224 1092 698 837 966
1064 644 8 947 832 843
50 912 950 814 872 860
1095 430 49 258 868 872
1061 152 45 709 925 853
331 701 1158 861 821 845
1033 961 113 665 830 874
700 1130 127 255 875 859
1084 819 71 897 828 808
83 12 630 918 864 821
1140 799 44 41 860 855
227 58 75 1067 950 923
1058 2 859 1008 885 826
1104 117 924 951 883 813
72 353 1098 307 816 923
129 90 1045 15 840 808
16 1092 464 178 960 891
957 365 49 509 906 993
1071 858 22 472 812 854
1127 198 116 922 830 902
1263 325 143 737 474 581
501 918 427 99 878 810
1015 174 71 147 800 954
84 483 1046 1034 847 818
123 110 224 1060 863 866
692 45 166 1115 919 884
790 168 64 1069 853 872
1035 148 93 213 876 990
78 416 943 947 863 822
346 94 6 1027 938 854
510 1168 761 287 995 816
241 751 1107 699 829 835
867 226 559 1153 976 837
918 888 258 69 814 817
80 557 1083 275 851 840
915 33 891 943 944 862
163 105 103 1051 965 816
108 747 1048 322 935 844
660 36 151 1015 993 917
297 1000 167 1 912 864
957 167 126 1125 862 803
180 174 305 1173 901 803
270 31 1134 1020 823 846
188 57 373 997 850 891
742 170 1081 1353 899 201
98 1090 56 119 824 809
947 243 52 463 855 839
1015 23 290 959 981 889
1057 19 62 233 881 953
318 1112 1093 48 850 823
615 1129 941 68 831 854
82 785 1070 861 921 857
1040 598 14 970 922 932
1058 764 171 518 885 838
444 34 261 1034 854 936
152 198 1035 843 869 821
1088 145 142 917 806 900
283 1097 224 24 943 866
1127 422 185 972 849 991
628 1101 710 219 942 805
89 742 1087 532 806 842
79 478 1005 598 860 890
1027 472 125 852 889 986
83 1060 959 83 986 881
110 922 732 3 831 879
673 1013 36 69 978 923
19 868 996 743 926 828
373 1097 927 183 829 848
96 393 996 125 891 866
20 698 913 885 803 964
1075 770 128 1042 822 917
243 1132 776 282 937 818
644 805 982 1697 290 285
10 1147 12 126 821 808
812 94 982 983 955 840
1111 942 217 85 873 981
91 1065 1053 842 926 861
1122 544 177 702 867 832
1044 79 27 974 820 863
947 626 1 225 908 892
730 1159 704 330 854 817
1150 57 548 1007 817 936
1055 165 55 1012 849 983
1013 884 130 924 859 908
610 25 541 923 815 824
23 709 953 146 839 813
185 417 1104 234 801 889
154 1063 116 174 807 875
77 1001 1084 671 908 831
1044 198 222 990 801 881
513 215 146 1017 989 443
1042 307 82 587 803 947
1113 691 209 151 869 813
463 36 172 1019 856 862
4 974 1118 900 865 815
1089 63 791 1411 549 525
972 148 20 208 843 859
52 248 1006 586 936 895
465 4 57 1137 904 854
1355 187 115 606 268 773
922 1117 466 136 813 818
277 954 605 2 882 834
678 156 55 1116 996 867
695 1101 478 64 883 897
955 426 26 926 904 835
62 168 473 1113 963 884
164 967 1095 30 882 838
1105 581 173 44 857 819
50 316 952 869 823 953
1053 173 85 212 891 804
761 1068 109 95 901 905
134 826 1088 1098 803 881
671 69 673 1171 966 822
478 1015 481 34 996 907
144 959 566 5 904 812
244 247 704 1116 965 835
66 111 1066 539 920 917
1023 27 382 1027 921 952
255 1142 1127 727 810 805
105 1019 229 148 977 863
49 945 890 821 815 970
78 887 564 50 910 824
440 263 138 1188 804 805
1655 974 755 116 168 858
102 687 1095 677 865 842
153 690 1166 356 805 930
977 665 26 809 833 886
227 1076 1159 298 815 874
291 535 1141 955 822 987
766 1116 14 166 827 859
225 254 1083 390 822 879
166 692 1129 608 829 860
85 73 995 307 853 1000
101 1049 1184 502 812 874
252 75 743 1065 849 850
168 921 1054 407 834 885
1038 236 163 1050 838 930
671 89 1028 1034 838 858
2 2 923 210 907 859
455 57 883 915 989 851
449 213 222 1178 872 806
849 1106 721 164 976 847
1237 1451 742 1477 489 80
1043 26 143 687 863 833
1079 137 115 890 806 985
286 1082 185 52 990 807
509 1089 973 76 996 863
164 822 1072 863 851 933
224 59 1127 966 865 850
420 18 85 1032 869 935
1104 313 148 1007 856 873
290 26 651 1086 807 910
1 218 839 1139 819 831
677 98 318 1195 699 239
41 525 1116 510 870 954
127 292 1045 880 800 879
579 114 117 1178 926 823
795 1086 975 171 977 808
1034 720 10 218 940 838
968 116 539 1027 984 844
298 980 785 61 840 809
19 728 977 42 817 976
98 484 1069 806 821 821
293 906 425 3 916 869
1035 202 24 668 859 806
1138 419 185 522 826 985
987 181 854 1048 976 836
179 583 1077 257 873 915
1125 1006 100 337 576 491
929 29 14 48 841 893
28 976 997 328 908 878
135 469 1051 441 827 949
15 214 977 130 848 858
382 1133 765 725 55 346
1118 130 3 759 828 898
1082 330 194 802 853 809
873 889 766 2 835 878
581 1 850 1007 803 932
855 33 738 1075 966 880
557 867 1567 1827 358 98
1115 414 32 1646 454 239
264 293 350 1127 819 820
56 85 689 1022 926 814
180 1077 1173 780 824 920
1069 371 222 181 819 971
32 343 923 1031 854 849
525 904 272 1 988 816
139 489 1101 268 886 963
58 939 1009 1087 912 864
822 1078 98 56 820 824
238 7 770 914 805 831
131 344 988 808 837 899
563 1060 323 187 942 861
730 1118 313 114 937 844
150 420 1047 873 823 882
205 25 511 940 211 333
528 159 601 1114 983 831
905 1021 76 608 820 894
1088 381 45 547 875 958
490 1356 393 997 407 146
167 248 1131 1065 834 848
1019 928 472 28 948 899
289 970 888 18 839 837
1075 186 1028 1382 852 254
1027 24 687 951 920 802
1032 131 10 226 898 911
1006 418 49 624 820 870
499 206 855 1172 891 803
1063 1029 232 503 808 877
1001 586 7 835 923 821
1 1094 1096 548 837 847
1003 838 39 669 926 837
17 520 1057 730 844 853
69 79 46 1021 883 820
1053 552 5 306 947 876
919 1029 11 935 822 849
1049 42 54 648 848 854
974 867 43 145 828 859
89 519 1006 230 914 935
78 860 1055 293 886 934
34 56 724 1011 889 830
1122 972 608 59 859 851
970 139 282 1030 956 820
924 611 60 68 858 880
1099 503 156 95 852 894
1048 793 5 443 927 878
862 896 1065 7 898 870
17 1079 342 1 827 804
39 831 1026 661 848 818
1123 360 16 515 813 925
982 837 67 587 860 836
694 988 917 59 992 837
127 973 1040 609 829 908
6 412 909 780 857 900
82 996 993 113 819 825
609 98 385 1021 815 838
607 1096 177 108 869 854
122 681 988 593 836 847
41 9 33 945 944 918
755 69 146 1107 911 886
191 210 1094 1020 886 847
7 21 955 253 836 954
266 4 152 1061 874 934
866 1046 1056 19 902 834
113 103 1077 909 921 880
126 1075 835 107 827 881
555 5 530 1149 811 825
524 1131 861 101 887 854
648 26 516 1014 947 945
123 287 84 1140 935 815
1 78 187 947 916 810
1311 119 1334 1284 122 353
97 321 1113 538 829 955
94 1031 1058 783 931 919
60 695 1171 450 828 819
1088 538 133 478 869 838
917 37 347 1098 908 899
1131 87 935 1065 814 882
1044 1028 479 25 899 963
961 1059 1050 46 919 815
57 577 1135 637 827 810
76 939 777 111 868 808
609 103 437 1130 991 829
30 1159 523 1856 464 102
1076 538 103 386 883 900
317 101 767 1069 910 891
22 631 1065 950 908 891
223 714 1135 50 826 955
1092 442 7 56 842 942
1091 205 175 426 821 985
3 1064 903 402 875 902
1148 489 63 216 818 926
1150 536 89 759 814 834
75 76 27 954 919 845
540 72 891 1121 898 807
1017 1112 262 217 867 873
608 40 346 1075 968 830
397 995 114 52 891 898
408 68 330 1099 905 824
894 1151 237 225 852 836
573 999 182 52 918 928
339 128 224 1112 919 862
480 944 154 11 864 902
761 122 447 1128 803 854
8 336 993 191 810 860
533 188 1123 1075 816 847
133 50 339 951 869 807
122 1111 520 139 804 813
153 1081 193 35 821 885
30 350 1110 888 807 856
257 1059 151 161 870 848
604 252 592 1157 917 803
33 906 940 928 866 981
941 804 30 369 901 849
132 512 1010 1019 853 972
705 103 430 976 969 847
180 473 1019 1013 801 835
1136 478 175 444 826 941
111 753 1174 854 810 938
266 1004 278 200 885 801
107 458 1096 95 863 974
912 1141 271 226 840 835
6 946 887 298 800 801
735 155 736 1124 827 877
1044 244 58 380 896 884
911 1125 88 957 804 870
41 945 895 367 810 964
758 32 191 1153 989 824
168 933 1072 614 848 818
156 1016 1110 267 803 826
17 665 969 225 922 915
1083 441 219 6 811 1000
1125 778 61 335 817 805
1058 715 32 343 882 946
577 63 999 951 973 872
188 1035 1096 233 812 883
236 780 1149 650 814 937
1035 1064 210 103 812 891
1052 75 24 1028 830 858
779 100 429 1080 972 876
148 2 1108 567 822 971
52 39 234 1054 829 838
640 1137 527 196 973 815
681 1041 401 126 947 846
202 1065 1013 52 861 852
745 980 564 113 832 838
1010 816 102 368 847 807
3 820 1076 921 904 946
1002 1025 98 48 997 832
1045 143 11 155 934 909
399 1009 874 97 949 837
857 733 2 323 846 917
770 111 841 1076 974 853
820 20 525 1128 921 848
1019 243 989 1163 867 822
105 355 999 657 880 957
799 1014 648 96 999 830
206 275 1102 271 869 814
1188 314 422 1160 804 805
679 1063 284 140 876 808
422 1139 629 68 996 842
1103 684 41 977 834 864
747 84 747 960 897 819
880 153 994 1046 874 802
71 958 180 129 975 812
17 546 1085 150 822 922
71 93 266 998 996 827
380 1015 1037 121 861 802
915 1084 756 127 975 810
952 300 83 889 800 870
250 978 530 859 26 564
230 1050 918 172 845 809
75 1119 1040 1159 824 820
162 1030 631 57 321 521
54 447 1005 198 837 978
132 964 395 11 894 910
494 1125 9 196 978 845
926 1133 683 190 947 816
1085 193 125 836 890 864
793 71 182 1072 971 868
118 1109 36 211 928 850
439 946 764 82 913 847
172 729 1046 869 862 845
95 121 1082 33 908 944
158 826 1150 139 843 807
897 23 147 970 922 930
1031 462 59 251 831 900
123 517 1052 118 871 992
176 997 1098 915 827 892
258 1076 350 127 961 837
1075 711 189 40 825 963
121 103 1035 1010 866 989
43 641 1038 166 827 951
243 1118 580 221 881 883
57 24 937 1066 825 917
58 172 611 1116 804 875
1056 894 145 336 832 905
249 941 491 1 952 914
246 955 768 33 996 905
129 94 1126 355 836 839
1161 654 119 1026 820 850
100 30 1014 360 880 895
153 252 1085 208 872 865
741 1000 457 25 811 827
957 1045 139 92 972 924
1087 200 29 751 832 985
1098 685 45 831 871 879
1084 908 52 1016 915 828
40 643 927 434 837 848
535 1136 503 263 965 841
765 1008 787 106 861 801
146 37 723 886 858 812
983 199 96 1061 874 910
42 909 910 317 850 904
206 250 1067 827 828 949
993 794 69 1042 903 942
7 64 62 1047 859 859
832 1162 89 43 919 806
1022 321 46 552 816 898
1040 924 127 499 820 800
1039 896 65 548 884 912
194 1121 1076 250 873 870
991 22 63 74 895 949
48 1040 277 11 993 865
932 802 6 772 903 942
1103 82 88 535 831 997
732 1157 589 121 965 830
1028 980 78 687 842 819
397 2 471 964 964 938
86 539 1090 956 804 897
1115 627 198 734 809 839
892 1010 96 19 880 963
200 126 1142 433 827 923
698 1176 656 336 866 825
1112 964 200 432 802 894
40 785 1020 453 839 878
9 518 1040 543 887 989
1128 921 232 1097 823 834
67 1021 1043 336 930 975
1222 299 437 951 260 925
406 55 1014 1027 813 901
965 22 148 989 967 822
756 1023 681 105 860 867
1 137 989 236 944 959
906 8 375 992 863 858
326 1033 188 155 836 850
184 482 1044 143 812 866
1006 111 258 952 841 835
142 337 1152 63 846 885
137 877 1100 336 887 852
1132 59 88 743 828 814
859 1509 1382 616 224 12
1037 723 28 206 820 882
1063 1054 23 401 920 937
133 1752 280 881 912 137
1159 1000 1013 35 801 880
1028 13 89 637 812 869
1077 284 232 957 829 928
980 259 24 817 921 894
145 902 781 9 890 845
369 966 861 35 950 924
560 1094 932 229 870 855
83 314 1153 1051 845 811
118 317 1075 799 825 984
142 1044 1115 65 829 931
22 437 1092 786 875 954
1112 512 160 553 804 841
427 92 842 333 309 545
60 466 1094 1044 857 849
1053 733 66 326 855 948
1063 504 36 261 904 950
83 903 1217 306 735 440
963 261 460 1107 947 841
554 255 547 1117 964 858
890 439 1863 416 77 871
1001 276 48 854 935 898
1041 1087 806 210 864 856
636 48 893 922 811 832
1113 621 233 9 834 829
1073 1115 650 210 894 874
803 895 145 78 916 808
1122 142 161 1089 835 883
780 177 468 998 734 166
948 173 65 422 809 954
75 108 105 1029 976 816
220 21 1053 704 820 955
117 359 1077 541 911 871
756 1047 965 56 969 900
359 88 71 1110 872 808
180 375 1178 346 801 887
40 379 1022 243 901 825
373 1016 815 150 338 623
207 409 1084 686 876 917
965 541 27 990 891 839
27 371 959 917 912 910
441 1054 608 57 903 911
450 125 506 1141 892 832
19 511 999 934 889 871
57 539 961 779 848 848
209 880 1121 432 830 979
534 156 231 1105 885 808
330 126 140 1137 883 858
1028 155 31 681 822 994
1162 1084 1050 2 814 838
298 22 1027 1002 847 820
1088 477 155 580 890 852
136 687 1013 504 824 873
1073 1126 379 31 910 816
1086 650 115 863 812 899
857 955 562 52 988 895
992 118 788 948 846 810
1016 1127 383 250 862 828
152 316 1100 550 883 945
1038 1023 211 846 817 942
11 26 1048 300 827 801
758 997 913 147 875 825
1017 616 99 846 858 843
19 1086 92 33 801 852
133 409 1109 1065 878 909
513 1079 627 43 864 877
1037 1136 966 165 830 856
91 254 1061 138 848 961
371 985 919 23 801 838
114 662 1093 72 893 879
513 996 801 170 858 811
15 1055 1815 1011 6 694
779 1084 716 22 969 801
894 99 241 1071 846 927
828 1256 683 333 793 481
233 129 495 1056 921 897
39 877 1147 29 850 958
404 1114 1045 132 836 847
1096 1021 495 214 896 803
929 585 55 385 819 830
232 1000 285 3 881 972
1007 416 34 411 894 910
188 17 197 1159 806 814
658 1090 679 118 889 909
420 1074 185 163 862 860
309 999 1157 379 833 904
333 363 188 1500 5 152
293 26 124 947 953 882
401 56 560 940 816 835
1102 7 175 1153 862 848
93 670 942 114 805 827
