30 2000
0 19 1
0 22 28
0 12 3
1 3
0 17 9
0 26 13
0 18 23
0 21 16
0 29 2
1 6
1 2
0 6 5
1 9
0 7 26
1 1
1 8
0 24 14
0 8 20
0 13 3
0 10 27
1 19
0 3 19
1 20
1 22
1 14
0 21 7
1 26
0 13 12
0 4 1
1 29
0 25 26
0 22 16
0 7 15
0 21 2
1 17
1 7
1 34
0 27 23
0 30 4
0 11 18
1 38
0 29 2
0 27 3
0 1 10
1 39
0 30 19
1 31
0 14 25
1 5
0 17 23
0 21 9
0 26 28
0 24 4
1 42
0 29 2
1 12
1 50
0 6 17
1 33
0 15 7
0 23 5
1 28
1 58
0 17 6
0 12 13
1 64
0 6 17
1 32
0 22 16
1 40
0 18 11
1 53
0 24 4
1 71
0 11 18
1 61
1 60
0 7 5
1 46
0 23 19
0 15 30
1 78
1 75
0 11 18
1 52
0 26 28
1 44
0 10 7
0 1 5
1 48
0 25 14
1 88
0 7 10
1 93
0 10 7
1 51
1 81
0 9 30
0 21 15
1 91
1 73
0 24 25
1 89
1 95
0 10 7
1 99
0 21 1
0 14 15
0 5 4
1 102
0 25 24
1 43
1 69
0 27 16
0 22 3
1 109
0 5 4
1 117
0 4 5
1 111
0 24 25
1 84
0 18 11
1 86
0 26 28
1 55
0 29 2
1 125
0 26 28
1 105
1 98
0 9 10
0 7 30
1 65
0 12 13
1 135
0 12 13
1 121
1 115
1 119
0 5 25
1 123
0 11 22
0 18 3
0 24 4
1 107
1 108
0 1 15
1 67
0 14 21
0 17 6
1 114
1 127
0 27 29
1 150
0 21 14
1 18
0 16 2
1 156
1 80
0 23 8
0 14 21
1 145
0 24 19
0 4 20
1 154
0 29 27
1 151
0 17 6
1 143
0 11 22
1 171
0 22 11
1 133
1 169
0 17 7
1 164
0 30 6
0 19 24
1 162
0 14 21
1 161
1 173
0 23 22
0 11 8
1 148
1 178
0 6 30
0 1 15
1 129
0 26 28
1 158
0 2 16
1 185
1 167
0 11 8
0 29 27
1 184
1 141
0 25 23
1 137
1 196
0 8 13
0 22 12
1 165
0 4 5
0 20 11
1 204
1 132
0 22 12
1 189
0 10 1
0 15 9
1 213
1 206
1 181
0 14 5
0 9 15
0 4 21
1 193
0 2 16
1 188
1 179
1 210
0 19 24
0 30 6
0 22 12
1 203
1 200
0 13 8
0 23 25
1 197
0 29 27
1 176
0 17 7
1 226
0 6 30
1 212
0 1 10
1 237
0 6 30
1 233
0 29 27
1 235
1 230
0 13 7
1 221
0 17 2
0 8 16
1 207
0 20 11
1 248
1 243
0 2 29
1 249
0 16 17
0 8 27
1 256
1 227
0 17 22
1 246
0 12 16
0 7 13
1 263
0 7 13
1 251
0 20 11
1 218
0 9 15
1 265
1 257
0 8 27
0 7 13
1 273
0 13 7
1 269
0 9 15
1 262
0 12 16
1 275
0 13 7
1 239
0 1 10
1 277
1 254
0 29 15
1 191
0 9 28
0 2 26
1 279
1 219
0 4 21
1 283
0 16 10
1 267
0 20 12
1 294
0 16 11
0 1 10
1 286
0 29 15
1 298
1 289
0 26 2
0 16 11
1 241
0 30 6
1 307
0 6 30
1 309
1 231
0 30 6
0 23 25
1 313
0 23 25
1 288
0 9 28
1 304
0 26 2
1 260
1 272
0 22 27
0 17 8
1 217
0 5 14
1 144
0 3 18
1 292
0 21 4
1 315
1 312
0 6 25
0 30 23
1 333
1 225
1 281
0 24 23
0 7 30
1 301
0 29 19
1 327
0 13 15
0 18 3
1 325
1 317
0 14 5
0 9 28
1 340
0 29 19
1 296
0 12 20
1 351
0 20 12
1 343
0 18 3
1 322
1 355
0 22 27
0 3 18
1 319
0 26 2
1 361
0 26 2
1 363
0 26 2
1 365
0 26 2
1 342
0 13 15
1 323
0 17 8
1 338
0 30 7
1 373
0 7 30
1 332
0 6 25
1 375
0 30 7
1 353
0 20 12
1 337
0 24 23
1 383
0 23 24
1 369
1 346
0 14 5
1 347
0 9 13
0 28 15
1 367
0 26 2
1 371
0 8 17
1 390
1 393
0 2 26
0 13 9
1 349
0 29 19
1 299
0 1 10
1 403
1 385
0 23 1
1 406
0 24 1
0 23 10
1 359
1 329
0 3 18
1 388
0 4 5
0 21 14
1 379
1 398
0 30 26
0 7 2
1 414
0 5 4
1 419
0 7 2
1 421
0 5 4
1 305
0 11 16
1 412
0 18 3
1 401
0 29 19
1 377
0 25 6
1 423
0 2 7
1 429
0 18 3
1 425
0 4 5
1 381
0 20 12
1 441
0 20 12
1 399
0 13 9
1 418
1 358
0 30 27
1 437
1 395
0 18 26
1 435
0 3 7
0 22 8
0 2 17
1 439
0 4 5
1 433
0 6 25
1 448
0 30 27
1 451
0 26 18
1 445
0 9 13
1 415
1 443
1 461
0 30 27
0 12 20
1 391
0 15 21
0 28 14
1 427
0 16 11
1 457
1 459
0 4 5
1 475
0 16 6
0 25 11
1 481
0 25 11
1 463
1 470
0 12 26
1 465
1 473
0 14 20
1 469
0 18 27
0 13 30
0 28 9
1 408
1 480
1 478
0 24 5
0 16 4
1 455
0 17 6
0 2 1
1 431
1 454
0 8 22
1 497
1 493
1 409
0 23 19
0 10 28
1 498
0 9 24
0 16 29
1 504
1 453
0 5 3
0 8 22
1 508
0 19 4
0 7 23
1 486
0 26 12
1 511
0 9 24
1 491
1 483
0 27 25
1 472
1 500
0 6 17
0 11 15
1 530
1 489
0 18 11
1 516
0 21 22
0 8 14
1 519
1 492
0 7 30
1 529
1 509
1 533
0 23 20
0 28 6
0 15 11
1 526
1 501
0 10 25
0 13 18
0 2 27
0 17 1
1 543
0 20 23
1 548
0 10 25
1 521
0 12 26
1 536
0 8 14
1 545
1 523
0 11 15
1 515
0 24 5
0 9 3
1 565
1 518
0 3 19
0 9 4
1 539
0 7 30
1 550
1 553
0 20 2
0 23 27
1 562
0 15 11
1 568
1 555
0 25 19
0 3 10
1 557
1 549
0 13 12
0 26 18
1 574
0 20 2
1 571
0 30 7
1 559
0 8 14
1 577
1 564
1 591
0 5 8
1 512
0 29 24
0 11 16
1 597
1 535
0 21 15
0 14 24
0 29 22
1 585
0 18 26
1 575
0 27 23
1 580
0 19 25
1 598
0 11 16
1 595
1 584
0 8 13
0 12 5
1 587
0 2 20
1 569
0 9 4
1 609
0 19 25
1 581
0 10 3
1 615
0 12 5
1 623
0 10 3
1 551
0 17 1
1 627
0 10 3
1 629
1 619
0 1 9
0 4 17
1 614
0 8 13
1 607
1 611
1 634
0 27 11
0 9 16
0 1 23
1 625
1 637
0 13 5
1 544
0 8 12
0 28 6
1 589
0 30 7
1 643
0 1 23
1 646
0 13 5
1 617
1 605
0 18 20
0 2 26
1 649
0 28 6
1 648
0 12 8
1 631
0 3 10
1 603
1 601
1 621
1 665
1 663
0 29 8
0 21 22
1 658
0 10 25
0 3 19
0 18 15
0 12 20
1 655
0 13 5
1 679
0 13 5
1 651
0 30 7
1 671
1 659
0 8 2
0 26 29
1 675
1 635
0 4 3
1 690
1 642
0 16 9
0 4 19
0 3 17
1 641
1 676
1 672
1 695
0 27 22
0 15 17
0 21 3
1 693
0 11 18
0 9 16
1 687
1 681
1 674
1 704
0 11 26
0 10 18
0 13 25
0 29 5
1 702
0 3 21
1 713
1 712
1 700
0 22 29
0 27 13
1 710
1 720
1 677
0 26 11
0 27 12
0 20 5
0 13 25
1 727
0 25 13
1 725
0 27 12
1 661
1 701
0 6 15
1 705
1 683
1 711
1 731
0 16 30
1 729
0 10 13
1 726
1 653
1 686
0 18 9
1 715
0 27 25
1 694
0 7 3
0 4 5
0 8 28
0 2 17
1 739
0 12 20
0 16 23
0 30 1
1 756
0 19 21
0 1 30
1 750
0 4 5
1 724
0 11 26
1 749
0 3 7
1 719
0 29 22
1 763
1 751
1 759
1 752
0 8 2
0 30 26
0 11 1
0 28 17
1 758
0 19 21
1 767
1 734
1 773
0 29 26
0 6 30
0 22 15
1 755
0 16 23
1 783
1 781
0 26 22
0 15 29
1 785
0 16 23
1 789
0 29 15
1 774
0 11 1
1 793
0 15 29
1 602
0 24 14
1 745
0 9 18
1 765
1 775
0 3 7
0 28 17
1 754
0 20 12
1 777
0 21 19
1 761
0 5 4
1 805
1 772
0 28 2
0 17 8
1 804
1 791
1 795
0 16 7
0 1 3
0 23 11
1 820
1 819
0 3 16
0 7 1
1 741
0 10 13
1 821
1 807
1 827
1 801
0 18 20
0 13 12
0 9 23
0 10 11
1 825
0 7 1
1 834
0 23 9
1 835
0 11 10
1 841
1 811
1 833
0 4 13
1 747
0 11 5
0 12 10
0 27 25
1 814
1 797
0 15 29
1 849
0 27 25
1 854
0 2 28
1 852
1 845
1 809
0 19 29
0 21 25
1 782
0 30 6
0 13 15
0 27 4
1 861
0 25 21
1 848
1 864
1 824
0 12 13
0 15 10
0 3 16
1 863
0 6 30
1 871
0 12 13
1 865
1 872
1 860
0 4 15
1 788
0 27 26
0 19 22
0 29 10
1 884
0 22 19
1 832
0 20 18
1 875
1 799
0 30 6
1 877
0 13 14
0 12 24
1 892
0 6 30
1 847
0 11 5
1 889
0 18 20
1 837
1 897
1 883
0 1 27
1 885
0 6 30
0 29 7
0 10 26
1 907
0 30 6
1 839
0 9 23
1 905
1 867
1 909
0 10 27
1 881
0 26 25
0 1 4
0 21 15
1 917
0 10 27
1 923
0 27 10
1 911
0 6 30
1 921
0 21 15
1 899
0 11 5
1 920
0 1 4
1 929
0 15 21
1 873
0 16 3
1 895
0 24 12
1 908
1 901
0 18 7
0 20 29
1 925
0 27 10
1 942
0 18 7
1 933
1 913
0 9 4
0 1 23
1 919
1 943
0 29 20
0 26 25
1 935
0 21 15
1 954
0 20 29
1 947
1 945
0 7 10
0 18 27
1 955
1 887
1 957
0 25 19
0 22 26
1 927
0 6 21
0 30 15
1 894
0 14 13
1 815
1 939
0 12 24
1 971
0 8 15
0 17 30
1 962
0 7 10
1 937
1 979
1 973
0 16 14
0 3 13
0 30 17
1 951
1 959
0 20 23
0 1 29
1 968
0 22 26
1 985
0 16 14
1 991
0 1 29
1 987
0 17 30
1 856
1 986
0 28 3
0 2 13
1 976
0 12 24
1 963
0 18 27
1 1002
0 3 28
1 999
0 30 17
1 978
1 1011
0 17 8
1 993
1 995
0 16 14
0 30 15
0 22 26
1 967
0 25 19
1 1019
1 1007
1 1014
1 1005
0 18 22
0 26 24
1 1027
0 27 12
0 24 26
0 8 17
1 1030
0 24 26
1 1009
0 3 28
1 1029
0 27 12
1 1033
0 26 24
1 997
0 29 1
1 1021
0 19 25
1 990
1 1003
1 1043
0 20 13
0 23 25
1 1048
1 1018
0 19 30
0 2 15
0 23 25
1 1041
0 1 29
1 981
0 10 7
1 970
1 1047
1 1051
0 19 21
0 13 30
0 6 20
1 1062
1 1057
1 1039
1 1052
0 30 10
1 1055
0 7 29
0 24 15
1 1061
1 1037
0 12 2
0 26 27
1 1053
0 13 19
0 25 21
0 1 23
1 1017
0 14 16
1 1026
1 1070
0 29 18
0 7 22
1 1077
1 1078
1 1075
0 26 21
1 1031
0 19 13
0 8 17
0 27 25
1 1071
0 15 24
1 1091
0 19 13
1 1081
0 16 14
1 1097
0 19 13
1 1079
0 1 23
1 1092
0 17 8
1 1093
0 25 27
1 1084
0 18 29
1 1107
0 25 27
1 1111
0 25 27
1 1103
0 23 1
1 1105
0 17 8
1 950
0 9 4
1 1068
0 10 30
1 1095
0 15 24
1 1109
0 18 29
1 1121
1 1099
0 16 14
0 10 30
1 1085
0 22 7
1 1129
0 30 10
1 1074
0 2 12
1 1131
1 1101
1 1125
1 1117
1 1089
0 29 19
0 17 13
0 7 21
1 1135
0 22 8
0 18 2
1 1113
1 1119
1 931
1 1123
1 1142
0 15 25
1 1152
1 1128
1 1145
0 17 13
1 1115
0 24 8
1 1158
1 1133
1 1146
0 2 23
1 1063
0 8 5
0 9 18
0 6 12
1 1035
0 14 24
0 26 25
0 28 15
0 4 27
0 22 3
0 30 1
1 1166
1 1172
0 20 11
1 1164
1 1173
1 1176
0 8 16
0 5 12
0 6 22
0 11 10
0 30 20
0 3 1
1 1183
0 11 10
1 1143
0 21 7
1 1169
0 25 26
1 1180
0 8 16
1 1184
0 30 20
1 1187
0 11 10
1 1170
1 1162
1 1185
0 23 3
0 28 2
1 1165
0 9 18
1 1195
1 1193
1 1197
1 1182
0 15 20
1 1156
1 1141
0 16 11
0 8 17
0 6 10
1 1181
0 29 1
1 1201
0 3 23
0 12 19
0 5 22
1 1209
0 13 30
1 1218
0 23 3
1 1213
0 17 20
0 15 8
1 1227
0 8 15
1 1222
0 30 13
1 1212
1 1220
0 22 11
1 1214
1 1204
0 9 18
0 5 10
1 1202
0 28 16
1 1189
1 1238
1 1224
0 6 3
0 7 10
0 5 23
0 21 2
1 1229
0 8 15
1 1171
0 27 4
1 1234
1 1216
0 1 22
0 29 11
1 1251
1 1245
0 10 7
0 27 4
1 1240
1 1254
0 22 28
1 1226
1 1255
0 29 17
0 16 11
0 1 20
1 1244
0 3 6
1 1237
0 18 9
1 1266
1 1191
0 26 25
1 1271
0 16 9
1 1259
1 1262
0 18 4
0 11 28
0 27 22
1 1276
1 1269
0 6 9
1 1246
0 23 16
1 1281
0 27 3
0 5 22
1 1279
0 18 4
1 1280
1 1291
0 18 28
1 1288
0 27 4
0 3 11
1 1249
1 1231
1 1265
0 13 8
0 15 30
1 1296
1 1294
0 17 18
0 27 29
1 1302
1 1168
0 30 14
0 28 24
0 4 15
1 1297
1 1219
0 11 3
0 19 12
1 1305
1 1247
0 18 21
0 2 17
1 1315
0 12 19
1 1284
0 9 6
1 1301
1 1311
0 8 15
1 1310
1 1323
1 1306
1 1274
0 29 13
0 25 9
0 6 24
0 4 26
1 1309
0 28 27
1 1321
0 19 30
1 1267
0 1 12
1 1340
1 1314
0 14 1
0 3 20
0 12 11
1 1258
0 10 7
1 1326
0 15 8
1 1331
1 1343
1 1334
0 4 26
0 13 1
0 29 14
1 1347
1 1286
1 1332
0 9 7
0 16 10
0 25 23
1 1318
1 1338
1 1355
1 1360
1 1344
0 29 3
0 30 14
0 10 18
1 1319
0 16 20
0 17 21
1 1369
1 1371
1 1372
0 17 16
1 1353
1 1349
0 21 4
0 8 19
0 2 18
1 1359
0 10 20
0 26 15
0 9 7
1 1380
0 19 8
1 1361
0 23 25
1 1354
0 13 1
1 1367
1 1368
0 29 30
1 1389
0 23 14
0 3 25
1 1379
0 21 4
1 1381
1 1391
0 1 18
1 1397
0 25 3
1 1376
0 16 2
1 1385
0 13 7
0 9 17
1 1406
1 1399
0 2 16
1 1408
0 7 4
0 13 21
1 1404
0 25 3
1 1415
0 21 13
1 1289
0 5 22
1 1409
1 1394
0 29 17
0 30 9
1 1417
0 25 3
1 1384
0 26 15
1 1421
1 1345
1 1429
0 15 5
1 1412
1 1402
0 26 1
0 11 22
0 2 18
1 1336
0 27 12
0 16 28
1 1419
1 1438
0 21 13
0 2 18
1 1444
1 1445
1 1433
1 1437
0 21 2
0 13 22
0 15 5
0 18 11
1 1452
1 1441
0 16 5
0 15 28
1 1427
0 25 3
1 1387
0 8 19
1 1425
1 1383
1 1440
1 1456
1 1450
0 12 9
0 20 16
0 2 21
0 5 30
1 1461
0 8 10
0 27 19
1 1468
0 20 16
1 1473
1 1333
0 6 27
1 1453
0 11 24
1 1424
1 1475
1 1459
0 19 16
0 29 17
1 1478
1 1469
0 20 27
1 1472
1 1457
1 1414
1 1396
0 10 4
1 1488
0 3 15
0 27 6
0 18 23
0 21 8
0 14 2
0 20 7
0 25 28
1 1495
1 1470
0 3 5
0 15 30
1 1500
0 7 20
1 1484
1 1501
0 28 25
1 1451
0 16 19
0 22 13
1 1507
0 20 7
1 1513
0 13 22
1 1436
1 1498
1 1497
0 8 18
1 1521
0 1 23
0 18 26
0 21 8
1 1524
0 26 18
1 1512
0 19 16
1 1515
0 7 20
1 1496
0 6 27
1 1485
1 1529
1 1533
0 6 16
0 29 27
0 17 19
1 1539
0 19 17
1 1541
1 1517
1 1504
1 1510
0 22 19
1 1480
0 11 28
1 1527
0 17 24
0 25 3
0 5 13
1 1546
0 26 19
0 22 18
1 1555
0 22 18
1 1531
0 7 20
1 1505
1 1538
0 15 30
0 27 29
1 1563
0 29 27
1 1467
1 1565
0 29 27
0 9 12
1 1557
0 22 18
1 1552
0 13 5
1 1523
0 1 23
1 1551
0 25 3
1 1548
0 28 11
1 1573
0 5 13
1 1499
0 14 2
1 1581
1 1568
0 13 5
1 1569
1 1554
0 26 27
1 1550
0 17 19
0 29 24
1 1493
0 12 10
0 4 9
1 1562
0 15 30
1 1525
0 21 8
1 1599
0 21 8
1 1592
0 24 29
1 1577
0 25 3
1 1605
1 1603
0 25 3
0 24 29
1 1597
1 1601
0 21 30
0 15 8
1 1559
0 7 20
1 1613
1 1571
0 8 18
0 15 22
1 1609
1 1595
1 1612
0 24 29
1 1575
0 4 30
1 1586
1 1625
0 23 1
0 9 13
0 5 21
0 4 30
1 1608
0 3 25
1 1623
0 29 24
1 1630
1 1583
0 5 2
1 1631
0 30 14
0 4 21
1 1641
0 21 4
1 1589
1 1618
1 1643
0 27 4
1 1619
0 15 18
0 21 22
0 26 8
1 1647
0 27 4
1 1615
0 7 20
1 1640
0 30 14
1 1628
0 23 1
1 1659
1 1633
0 23 25
0 1 3
1 1663
0 1 3
1 1579
1 1665
0 11 3
1 1638
1 1650
0 28 2
0 1 21
0 5 22
1 1649
1 1537
0 6 18
0 15 16
1 1676
1 1594
0 10 6
1 1591
0 18 19
1 1668
0 12 17
0 11 3
1 1651
0 8 26
1 1682
0 18 19
1 1684
0 17 12
1 1662
0 23 25
1 1685
1 1635
0 3 24
1 1653
0 4 27
0 29 11
1 1699
0 11 29
1 1680
0 6 10
1 1677
0 16 15
1 1629
0 13 9
1 1687
0 8 26
1 1689
0 18 19
1 1673
0 22 5
1 1672
0 21 1
1 1707
0 13 9
1 1655
0 7 20
1 1719
0 20 7
1 1698
0 4 27
1 1713
1 1703
1 1721
1 1693
0 6 25
0 23 22
0 5 20
1 1715
0 1 10
0 21 7
1 1728
0 25 6
1 1701
0 11 29
1 1691
0 12 17
1 1657
0 30 14
1 1696
0 3 24
1 1735
0 6 25
1 1737
0 29 11
1 1723
0 27 4
1 1730
0 5 20
1 1739
0 17 12
1 1729
1 1749
0 23 27
0 22 4
1 1705
0 16 15
1 1741
0 14 30
1 1709
0 8 26
1 1733
0 21 7
1 1732
0 10 1
1 1763
1 1757
0 4 26
0 8 22
1 1759
1 1711
1 1756
0 23 27
0 16 15
0 19 18
1 1771
1 1717
0 13 8
1 1767
0 9 1
0 22 10
1 1671
1 1783
1 1780
1 1765
1 1745
1 1743
0 8 7
0 10 6
0 28 3
1 1751
0 25 2
0 13 22
1 1790
1 1782
0 5 7
1 1794
1 1753
0 17 20
1 1770
0 2 1
0 8 25
0 26 21
0 24 12
0 9 4
1 1795
1 1805
1 1791
0 10 13
0 22 26
0 6 21
1 1812
0 26 22
1 1747
0 11 29
1 1811
1 1798
0 5 7
0 13 10
1 1807
0 4 9
1 1775
0 27 23
1 1815
0 26 22
1 1777
0 19 18
1 1817
0 11 29
1 1820
1 1829
0 7 18
1 1831
0 19 5
0 29 11
1 1804
0 8 25
1 1827
1 1821
0 26 13
1 1837
1 1842
0 26 13
0 10 11
1 1825
0 22 27
0 29 23
1 1801
1 1761
0 20 30
0 17 14
1 1792
1 1852
0 3 20
0 30 28
1 1846
0 10 11
1 1848
1 1857
0 30 27
0 28 22
1 1845
0 13 26
1 1806
0 24 12
1 1865
0 13 26
1 1849
0 29 23
1 1862
0 27 30
1 1873
0 27 30
1 1839
1 1856
0 25 8
0 3 20
1 1859
0 11 10
1 1879
1 1776
1 1853
0 20 16
0 14 3
0 17 15
1 1867
0 12 24
1 1875
0 27 30
1 1889
1 1823
0 12 24
0 9 4
1 1885
0 16 20
1 1836
1 1886
0 14 3
0 19 5
1 1897
0 20 16
1 1894
0 24 12
1 1813
1 1878
0 6 21
0 8 25
1 1895
0 4 9
1 1803
1 1871
1 1908
1 1891
0 30 1
1 1887
1 1863
0 15 28
0 22 21
0 29 17
1 1920
0 21 6
0 22 23
0 27 2
1 1924
0 23 22
1 1911
0 4 9
1 1916
0 30 1
1 1919
1 1905
1 1931
0 28 24
1 1901
0 19 30
0 5 12
0 1 15
1 1938
0 12 5
1 1921
1 1834
0 17 7
1 1941
0 5 29
1 1946
0 12 5
0 29 18
1 1929
0 4 9
1 1951
0 9 4
1 1944
1 1909
0 25 8
0 7 17
1 1949
0 18 29
1 1925
0 27 2
1 1956
0 8 25
1 1963
0 25 8
1 1957
1 1953
0 7 9
0 17 4
1 1968
0 7 9
1 1881
1 1937
0 30 11
0 19 10
1 1869
1 1939
0 15 13
1 1969
1 1959
0 26 29
0 18 17
0 4 1
1 1935
0 24 28
1 1981
0 26 29
1 1965
0 8 25
1 1900
0 3 14
1 1978
0 15 13
1 1971
0 7 9
1 1987
0 26 29
1 1975
1 1997
1 1927
