6 10000
6 6 2
5 5 4
1 26823 2
0 20709 2
2 22552 4
2 24676 2
0 23885 4
2 9598 4
2 1991 4
0 8636 2
2 26961 4
1 19260 4
2 26941 4
1 21134 4
1 18089 2
0 14399 4
1 7958 2
1 2416 4
0 15631 4
0 1466 4
2 13189 4
0 22000 4
2 22778 2
2 7590 4
0 28285 2
0 13071 2
0 6322 2
2 24830 4
2 17914 4
0 23334 2
2 20563 4
1 27200 2
0 8980 2
0 6304 2
0 17073 4
2 20101 2
2 14775 4
1 17644 2
2 11354 2
0 21411 4
0 16118 4
1 5163 2
1 9905 2
1 11688 4
2 25847 4
0 15866 2
1 24812 2
2 14693 2
1 4700 2
2 228 2
0 26217 2
0 5024 4
2 23175 4
2 21854 4
1 31697 4
1 8471 4
2 25419 2
2 6693 4
1 13428 2
0 19396 2
0 5554 2
2 6606 4
0 29312 2
1 14076 2
1 9567 2
0 5144 2
0 31745 2
1 22746 4
2 29221 4
2 17011 2
1 4122 4
1 3304 2
2 8167 4
1 9168 2
2 30853 4
1 3088 2
0 178 4
0 7082 4
1 21320 4
2 30145 4
0 11544 4
1 12372 4
1 4280 4
1 22116 2
1 26318 4
2 29828 2
2 25011 2
0 22273 2
0 8585 4
2 26656 4
2 4633 2
1 556 2
1 19988 4
0 23623 4
1 2955 4
0 18997 2
1 17333 2
1 9890 2
0 31847 2
1 15504 2
1 25538 2
0 12269 4
0 24323 4
2 3714 4
0 21374 2
0 10688 4
0 23848 4
2 28429 4
2 26681 2
1 30626 4
1 19409 2
2 8615 2
0 5967 4
1 15140 4
1 26866 4
1 20095 4
2 5192 2
1 22192 4
0 7120 2
2 14167 2
1 21147 2
2 4584 4
2 22757 2
1 27582 4
0 15604 4
2 23776 4
0 31866 4
1 3483 4
1 8676 4
0 23878 2
1 5725 4
2 14020 4
1 19568 2
0 26530 2
1 28813 2
1 21730 4
1 9181 2
0 13521 2
2 15143 4
2 6019 2
0 24249 2
0 4031 4
0 2448 2
1 19584 2
0 5421 2
1 30564 2
2 3299 4
1 18065 2
1 16001 2
0 28928 2
2 14236 2
2 10798 4
0 26095 4
2 1690 4
2 13958 4
0 15527 4
1 8876 4
1 11701 2
0 27361 2
1 4486 4
2 7988 2
0 4692 4
1 20951 2
0 12836 4
1 15317 2
1 561 2
2 1313 4
0 7050 4
2 6270 4
2 29753 4
0 16629 4
2 11913 4
0 4553 4
1 26698 4
2 6962 4
0 28188 2
0 32069 4
1 6959 2
0 22478 2
1 10237 4
0 12552 2
2 19163 2
2 1662 2
1 25477 4
1 8820 4
2 1765 2
0 16880 2
1 11243 2
2 21323 4
0 11928 2
1 16602 2
0 22004 2
2 2791 2
0 12887 2
2 750 2
2 509 4
0 21526 2
1 9487 4
1 28995 2
2 1448 2
0 16447 4
2 13131 2
2 28602 4
1 23989 4
1 633 4
1 30861 2
1 12501 2
1 31874 4
0 28035 4
1 17632 2
2 25625 4
1 7329 2
1 32452 2
0 21626 4
2 30033 4
1 18785 2
2 7138 2
2 16440 2
1 29149 2
2 9893 4
1 25083 2
1 29253 4
1 19079 2
1 20144 2
1 20770 4
2 24590 4
1 18344 2
1 25391 4
0 4119 2
0 13668 2
2 2940 2
1 7559 4
1 17483 4
0 23794 4
0 16065 2
1 27232 2
0 14867 4
0 4578 4
1 17301 4
1 23665 2
2 22826 4
1 26314 2
2 653 2
1 8556 4
0 28124 2
2 26144 4
0 27886 2
0 11217 4
0 28237 4
0 30757 2
2 28096 2
1 27559 2
0 21253 2
0 5581 4
1 24816 2
0 16009 4
1 15793 4
2 1846 4
2 1482 4
0 28708 4
1 31791 4
2 16480 4
0 18699 4
1 26204 4
1 23049 2
2 12512 4
1 6111 4
1 27283 4
0 12606 4
1 7833 4
1 11412 2
0 29180 4
1 1064 4
2 4325 2
2 2166 4
0 32705 4
0 13014 4
2 32745 4
2 1744 4
1 29809 2
1 10923 4
0 7964 2
1 4130 4
2 30383 4
0 27703 4
2 3861 2
1 24856 4
2 853 2
0 661 4
0 23801 2
0 24948 2
2 19845 2
0 8916 4
2 13367 2
0 13600 4
2 10891 2
0 16143 2
2 17942 4
0 11963 4
2 29512 2
1 4945 2
0 3704 2
2 28943 2
2 21207 2
1 12928 2
0 3865 2
1 2881 2
2 24043 4
1 24491 2
0 29847 2
0 25148 4
1 1127 4
1 25235 4
1 15268 2
1 4954 4
0 15443 2
0 27789 2
0 6691 4
0 29405 2
1 21611 4
2 13302 4
1 23611 4
2 12167 2
0 727 4
1 15679 4
0 222 2
2 6980 4
0 5115 2
1 29470 2
0 19546 2
0 23661 4
2 29564 4
1 6355 2
1 29008 4
0 18105 4
2 10415 4
0 10273 4
0 18425 4
0 30700 2
2 10419 4
2 23831 2
1 28117 2
0 6612 2
1 27789 4
0 6452 4
2 11100 2
0 24291 4
0 31754 2
0 30579 2
1 19727 2
2 16100 2
0 31581 4
2 22307 2
0 19807 2
1 17197 4
0 27805 2
1 29715 2
1 22786 4
0 27729 2
2 7478 4
2 4912 4
1 11671 4
0 13616 2
2 25509 4
0 20398 2
1 1543 2
1 30016 2
0 5487 2
2 25824 2
2 20056 2
1 4175 4
1 2607 2
1 31608 4
0 27938 2
1 17242 2
2 11464 4
2 15957 2
2 2576 4
0 15627 4
2 30668 4
1 8560 2
2 26252 2
2 13313 2
0 24196 2
2 2130 4
1 30382 4
0 31097 4
2 25710 2
1 7168 4
2 24922 4
1 18014 2
0 3321 2
0 21035 4
0 20120 4
0 18319 2
1 8063 4
0 4504 2
0 8242 2
1 30067 2
1 31619 2
2 8140 4
1 28820 2
0 698 2
1 31019 2
0 29663 2
2 19251 4
2 5966 2
1 1369 2
0 19939 2
2 22980 4
0 31438 2
0 24142 4
1 12370 4
0 13810 4
0 8407 4
2 7742 4
2 8668 2
2 30685 2
2 28816 4
0 3867 2
2 4578 4
1 19119 2
0 26147 4
2 22065 2
0 19599 2
2 11015 4
2 3420 2
0 21934 4
0 16665 2
2 20134 4
2 8840 4
0 1391 2
1 8535 4
2 30092 4
2 20236 2
1 6888 2
2 803 2
0 27460 2
1 6490 2
2 13237 4
2 28142 2
2 25151 4
0 5899 2
1 14069 2
1 26872 2
2 29240 4
0 16222 2
0 25394 4
1 22593 4
0 31870 4
0 22108 2
0 20321 2
2 6543 2
0 5287 4
1 5509 2
0 13741 4
2 8388 2
2 31249 4
1 5668 4
1 19488 4
2 2038 2
2 15033 4
2 24383 2
0 14826 2
0 14046 2
2 29810 4
0 17079 2
0 30852 2
0 22965 2
1 31871 4
0 23550 4
2 13882 2
1 24347 4
1 25911 4
1 7846 2
0 28205 4
2 2056 4
0 2510 2
2 32412 4
1 12350 4
2 10692 2
0 30968 4
1 30100 2
0 16084 2
1 9157 4
2 28802 2
1 31575 4
1 16393 2
2 6382 2
0 28074 4
2 4763 4
0 6061 4
0 18072 2
1 4900 2
1 17994 2
0 13143 4
2 3923 4
1 16760 4
2 19208 4
0 21300 4
0 18163 4
0 18995 2
1 31008 4
2 24498 2
1 14697 2
0 1713 2
0 29951 4
1 29805 2
2 5088 4
0 4647 2
1 8183 4
0 19545 4
1 3099 4
2 31537 4
2 25101 2
1 30449 2
1 8223 4
2 6073 4
0 28689 2
1 32171 2
0 19895 4
1 8936 2
0 24440 4
2 23253 4
0 1369 4
2 4573 4
1 7699 2
1 20598 4
0 3889 2
0 16623 4
2 9720 4
2 31622 4
1 13191 2
2 27546 2
0 12842 2
2 21336 4
1 28556 2
0 28227 2
2 10877 4
1 31627 4
1 25613 4
0 26713 4
0 2639 2
1 31573 4
0 31150 4
1 6988 2
1 19909 2
0 3793 4
2 15353 2
2 12528 4
1 317 2
2 15173 4
1 21719 4
1 20321 4
0 12053 4
2 22406 4
1 1857 4
2 12214 2
1 27358 4
2 15912 4
1 21880 2
0 7515 4
2 24134 4
2 17913 2
1 9503 4
1 18508 2
0 25231 4
0 31130 4
2 3792 4
0 8242 4
2 21512 4
2 16006 2
0 27814 2
1 25095 4
0 8493 2
0 19618 4
1 18295 2
0 4222 2
1 2591 2
0 21053 4
2 9366 2
1 1863 2
1 12957 4
2 8279 2
2 19104 2
1 29851 4
1 9174 4
2 12535 2
2 423 4
1 31263 2
0 12558 2
1 22252 2
2 19192 2
0 11703 2
1 12277 2
2 10340 4
2 12506 4
1 21397 2
2 1791 4
1 21685 2
1 23120 4
0 32378 4
1 24703 2
2 30758 2
0 31516 4
2 30643 2
0 29631 2
2 2753 4
2 29315 2
2 29790 2
0 8983 4
1 15863 4
2 16422 2
1 18404 4
1 7512 4
0 30351 4
0 28019 2
1 6627 4
1 227 4
0 12624 2
2 31904 2
1 27866 4
1 7837 2
1 7383 4
1 13511 4
0 450 2
1 16298 4
0 14407 4
0 24612 2
2 16006 4
1 22131 4
2 15571 4
1 28098 2
0 6047 2
0 23879 4
0 30812 4
1 26901 4
1 6505 2
1 23593 2
1 17776 2
1 8804 4
2 13506 2
1 9315 2
1 21383 4
0 24699 2
1 4585 2
2 15228 2
0 1937 2
0 1428 4
2 6227 4
1 7241 2
1 24951 4
0 1106 2
1 14935 4
0 15367 2
2 29442 4
1 6178 4
2 26916 2
1 31755 4
0 30751 2
2 8773 2
1 15298 4
3 25259 2
1 909 2
2 26632 4
0 13464 2
2 12730 4
2 12369 4
3 3399 2
1 6263 2
1 25291 2
3 14241 2
1 17780 4
2 14776 2
2 21509 4
3 13432 4
1 26967 4
2 32755 2
2 7379 2
1 24334 4
0 4857 2
1 30722 4
1 7644 2
0 7389 4
0 11684 2
1 25598 2
1 4363 2
2 4252 2
0 1504 2
1 19264 2
2 6535 4
0 10822 4
2 22903 2
1 2656 2
2 21434 2
2 14099 4
0 26481 2
2 25400 2
1 25933 2
3 29052 2
1 23 4
2 3296 4
1 3369 2
2 4410 4
0 5363 4
1 17331 2
3 13176 2
1 23367 2
1 18638 2
0 22856 4
3 31137 4
1 12762 4
1 32688 2
1 17528 2
2 19022 2
3 9326 2
0 28386 4
0 12638 2
3 26984 2
3 32699 2
1 11502 2
3 4433 4
1 1048 4
0 23995 4
0 16796 4
1 10987 4
1 16582 2
1 13733 4
3 13814 2
1 10756 4
1 20253 2
0 27636 4
1 9284 2
0 12214 4
2 30725 4
2 25184 2
0 18448 4
1 25178 4
0 11687 2
0 2018 2
1 3618 4
3 32137 2
1 7020 2
2 26803 2
2 9347 4
3 25115 4
1 13820 2
3 15949 2
2 2685 4
0 9770 2
2 19266 2
2 32616 2
0 8345 4
1 9487 2
0 4709 2
1 28669 4
3 14495 2
3 3938 2
1 15312 2
1 12613 4
2 9624 2
1 31485 4
2 298 4
3 20921 2
1 19406 4
2 29433 2
3 13662 4
3 23827 2
1 12489 4
3 1967 2
2 21651 4
0 27722 4
3 2899 2
3 24247 4
3 5171 4
1 13721 2
0 21364 4
1 17131 2
0 29416 2
0 7289 4
1 21110 2
2 13412 2
2 18585 4
2 16801 2
3 13025 4
1 30842 4
1 22128 4
3 4876 2
0 4222 4
1 10695 2
3 22230 4
2 23537 4
3 2135 2
3 18468 2
0 3444 4
2 21707 2
2 18613 2
2 18601 2
2 22323 2
1 13139 2
3 8480 2
1 9648 4
1 14908 2
0 14976 2
1 4705 2
0 28370 4
3 30200 2
0 19084 4
3 24194 2
1 22760 4
1 4880 2
2 28913 4
1 6347 2
0 19978 2
3 29549 2
2 30823 4
0 13766 4
2 32146 4
3 25144 2
2 30951 4
1 6971 4
1 27673 4
1 9178 4
0 26539 4
1 12339 2
1 887 2
3 1531 2
2 10026 2
1 27896 4
3 8902 4
2 28550 2
0 5919 2
2 27411 4
1 11871 4
2 28835 4
2 9346 4
1 30028 4
2 8154 4
0 21178 2
0 22925 4
3 6060 2
2 5650 4
2 10358 2
1 28087 2
2 12157 4
3 25886 2
1 23998 4
0 21947 4
1 31560 4
0 9815 2
2 18365 2
3 21392 2
3 10964 4
1 18519 4
1 13530 2
2 1649 4
3 28461 2
0 7927 4
3 31935 2
0 31447 2
0 2713 2
1 29520 4
2 4182 4
0 14969 4
2 24739 2
1 5051 2
3 2502 4
1 23634 4
2 1556 4
1 25552 4
2 15481 2
2 5274 2
1 20724 4
3 27752 4
1 17688 2
0 17610 2
0 26765 4
3 27550 4
0 6540 2
2 2971 2
0 21862 2
3 25801 4
1 6398 2
0 21766 2
2 4427 4
3 12419 2
1 7127 2
2 27205 2
3 5955 2
0 3237 4
0 960 4
2 464 2
0 29591 4
3 11335 2
0 19362 2
1 20320 2
3 21457 2
2 18371 2
1 6054 2
0 5102 2
3 5817 4
1 11442 2
1 17717 2
0 11700 2
3 23641 4
2 19948 4
1 31480 2
1 10281 4
2 5625 4
1 21387 2
1 14551 4
2 19464 2
3 5666 2
3 10984 2
2 26621 2
2 12105 4
2 8350 2
1 5788 2
2 27346 4
3 17701 4
0 31350 2
1 15999 2
2 11518 4
2 28182 2
2 31218 2
3 16299 2
3 13164 4
3 2004 4
1 5787 4
1 15481 2
0 11331 2
1 32088 4
2 31035 4
2 27777 4
1 32494 4
3 22235 2
2 3034 2
1 11421 4
1 23572 2
3 18902 4
2 2498 4
3 3814 4
2 19872 4
2 18690 2
0 3963 4
0 27316 2
0 18105 4
1 5209 2
3 10959 4
1 27810 2
1 13257 2
1 18707 2
1 27334 4
3 9862 2
1 2681 2
2 29097 2
0 28586 4
0 8060 4
2 22962 4
2 5588 4
0 31491 2
0 25563 2
1 22942 2
3 19086 2
1 32666 2
0 5437 2
2 31652 2
3 16911 2
2 12665 2
2 31355 4
3 31342 2
2 23504 2
3 5608 2
2 4013 2
0 27109 4
0 13450 2
1 4977 4
2 5678 2
3 18226 4
1 13878 4
1 477 2
1 9364 2
0 2237 4
0 10254 4
0 14899 2
2 14011 4
1 11825 2
0 16009 2
3 9919 4
2 15802 2
3 20598 2
2 11106 4
0 21255 4
0 12267 4
2 12725 2
1 11665 2
2 31702 2
3 6375 2
0 19799 4
1 8528 4
3 7989 2
0 10630 4
1 26628 2
2 4118 2
1 3180 2
2 18402 4
3 8103 4
2 16542 4
3 29700 4
0 8020 2
2 31591 4
2 18144 4
0 30663 2
3 12404 4
1 31663 4
3 5141 2
0 15038 4
2 24860 4
2 10790 4
2 1718 2
0 28976 4
0 3173 4
0 10679 2
0 31357 4
1 28841 4
2 4776 4
0 18057 4
1 22626 4
0 16367 4
3 27005 2
3 1542 2
3 9886 4
2 9997 2
2 11198 4
1 14040 2
3 6314 4
0 16204 4
0 10627 4
3 230 2
2 7999 4
3 820 4
0 30759 4
3 30042 4
1 30807 4
0 24207 4
1 577 4
2 7837 2
0 16170 2
1 15973 2
3 6059 2
0 4184 4
1 31793 2
1 8447 4
0 32125 4
3 30580 4
2 13605 4
3 9703 4
0 32273 4
0 10778 4
2 31999 4
2 7653 2
0 30976 2
3 14259 4
2 1017 2
1 6915 4
2 29475 4
1 30952 2
1 10123 4
0 137 4
2 9874 4
0 8098 4
2 622 2
3 4865 2
1 4775 2
1 18186 2
0 31899 4
1 2099 2
1 3066 2
0 905 2
2 23371 2
2 5929 4
2 19558 2
3 29383 2
2 20728 2
3 2091 4
1 770 2
3 19375 4
1 3418 4
1 17602 4
3 25640 4
0 28265 4
3 19818 4
2 26552 4
2 14704 2
3 29789 4
3 27489 2
1 19734 4
3 29108 4
3 16438 2
0 28344 2
0 8740 2
1 12557 4
2 3547 2
0 7209 2
1 30059 2
3 24788 4
0 631 2
0 1452 2
3 18101 4
1 16289 2
0 15473 4
1 6778 2
1 5898 2
1 29006 4
3 25459 2
3 14092 2
3 30900 4
3 3828 2
3 14439 2
1 13595 2
1 7995 2
0 14059 2
1 9588 4
2 31649 4
2 28521 4
1 7373 2
1 19972 4
0 3798 4
2 3910 2
0 6515 4
1 7872 2
0 8243 2
2 30235 2
1 15094 4
2 23953 4
3 7793 4
3 31858 4
2 21678 4
0 14752 2
1 17802 2
2 27667 4
3 3893 2
0 23382 4
1 11957 2
1 4104 4
1 30820 4
0 29788 4
2 24685 2
3 17562 4
1 4947 4
1 20379 4
2 24170 4
2 1872 4
1 26716 2
3 24892 2
2 14757 2
0 1782 2
1 5400 4
0 22184 4
2 8280 4
0 13202 2
3 23647 4
1 9864 2
1 28155 4
1 20079 4
3 13899 4
2 8388 2
2 15174 2
3 31254 2
2 24629 2
0 32391 2
3 28212 2
3 19023 4
1 27830 2
2 29241 2
1 18942 2
1 21539 4
2 21414 2
2 14210 4
1 32539 2
0 15836 4
1 543 4
0 9037 2
0 15174 2
0 20227 2
3 27258 4
3 13249 2
2 14711 2
2 96 2
2 5199 2
0 8265 2
2 20967 2
0 3068 4
2 11384 4
1 27020 2
3 2575 4
1 32033 4
1 5390 2
3 26997 2
3 9385 4
3 16471 4
3 30057 4
2 25387 4
2 12716 2
0 13160 4
1 18979 4
0 4888 4
3 7763 4
3 13660 4
0 29973 2
1 16101 2
2 17686 2
3 13948 4
2 19800 2
3 17787 2
3 32175 2
3 18514 2
3 12100 2
3 12036 2
0 11541 2
2 11687 2
0 3187 4
1 15591 4
2 21891 2
0 27267 4
3 31678 4
3 31182 2
2 9841 2
2 21551 2
0 18749 4
1 18850 2
0 3224 4
1 8501 4
0 1610 2
1 31116 4
3 16881 4
2 31069 2
1 6526 4
3 20468 2
2 23990 2
2 1457 4
3 20146 4
1 7301 2
3 25695 2
2 121 4
0 26366 2
0 18471 4
3 22436 2
3 17727 2
3 10428 4
0 25859 2
3 18049 2
3 24779 2
3 28548 4
3 16002 2
3 23852 2
1 8486 2
1 15409 2
1 26956 2
2 29983 2
0 9626 2
0 17626 2
0 21324 2
3 9492 2
3 28336 2
3 1240 2
1 21417 4
0 20739 4
1 28208 4
3 19654 2
0 15054 2
2 14885 4
2 5923 4
3 21115 4
2 25186 4
1 3828 2
2 28115 2
2 16657 4
2 15696 4
0 31527 2
0 6088 2
1 18656 4
2 26559 4
2 14265 4
0 27596 4
3 12163 4
2 14105 2
1 6882 2
3 487 2
3 24528 4
1 18952 2
2 10267 4
2 17251 4
1 31203 4
0 6259 2
2 8222 2
3 31432 2
3 25363 2
1 900 4
2 4322 4
1 25567 2
1 22011 2
1 26020 4
3 26018 2
2 15282 4
0 29297 2
0 8828 4
1 30422 2
0 20618 4
2 19857 4
0 14069 2
2 6711 4
2 4591 4
3 434 2
2 18744 4
3 12990 4
3 8362 4
0 15982 4
2 14510 2
1 16549 4
2 24261 4
3 22685 2
1 11776 2
0 29028 4
2 32648 4
0 23130 2
1 11031 2
3 12212 4
3 6013 4
0 4860 2
3 6940 2
1 13198 4
2 11372 2
1 10012 2
3 25208 4
0 4651 4
0 17758 4
2 8341 2
3 28371 2
1 19973 2
2 31389 2
3 32382 4
0 18200 2
1 26324 2
1 1458 2
2 17712 2
2 7023 4
1 27025 2
2 20837 2
2 3654 2
3 21824 2
1 117 4
3 2495 4
3 6295 4
3 10038 2
3 761 2
3 11274 2
3 22589 4
0 7480 4
0 1495 2
0 5839 2
2 1681 4
2 11377 2
1 27399 2
0 6613 4
1 12843 2
3 17224 2
3 29122 4
3 1576 4
2 20197 2
3 22887 2
3 18049 2
1 15886 4
0 17880 4
1 32696 4
1 4862 4
1 17682 4
3 1372 2
3 28770 4
3 3632 4
3 20477 2
1 4363 4
0 7887 2
2 3154 2
0 21719 2
1 4542 2
1 18344 2
3 3804 2
1 6890 2
3 25998 2
3 214 2
3 21639 4
3 19134 4
1 12243 4
2 18818 2
3 26957 4
3 32284 2
3 26919 4
3 6677 2
3 13925 4
2 20494 2
2 28514 2
0 29752 4
1 4682 4
2 27868 2
3 5535 2
2 29396 4
2 20660 4
2 8720 4
0 13365 2
1 23058 2
3 21149 2
1 28274 2
1 14525 2
3 10075 2
1 5692 2
2 4620 2
0 13842 4
1 8536 2
0 18188 4
0 7718 4
0 29771 2
3 26609 4
3 19909 4
2 1353 4
1 194 4
2 1105 2
1 24672 2
3 11071 4
1 15887 4
1 30944 2
0 4630 4
3 29969 4
3 29709 4
2 20806 4
1 25440 2
3 22791 4
3 24531 2
1 12910 4
0 20984 4
0 28330 4
2 17338 4
1 27263 2
0 26838 2
3 32452 2
2 30557 2
3 228 4
0 20531 4
1 4957 2
3 30611 2
1 17988 2
2 23944 4
0 1983 4
3 30325 2
0 25738 4
3 9103 2
3 6258 2
1 27486 4
0 28381 4
0 576 2
0 29504 4
1 8933 2
3 29095 2
1 14036 4
1 18225 2
1 20196 4
1 657 2
1 27588 4
1 21647 2
0 5748 4
0 20612 4
3 18633 4
3 31970 4
2 9709 4
1 13226 2
1 732 4
3 21235 4
0 16105 2
0 15722 2
0 27703 4
1 10956 2
0 18497 4
3 18542 2
1 1106 2
0 10678 4
2 24077 2
2 2207 4
1 2022 2
0 22072 2
3 24999 2
3 6950 4
0 237 4
2 10270 4
1 2472 2
2 5739 4
0 22174 4
3 6254 4
0 29160 2
1 6681 2
2 23924 2
1 12660 4
1 11138 4
1 24344 2
3 26407 2
3 7862 2
2 19660 2
2 18321 2
0 21168 2
3 15615 4
3 354 2
2 28397 4
2 7240 2
3 10840 4
1 6683 2
1 14804 2
1 28009 2
2 22025 4
2 7441 2
1 26161 4
3 11467 4
3 4251 2
2 21917 4
3 6955 4
1 3686 2
1 7128 4
2 25688 2
3 31021 4
0 9078 2
3 15049 2
0 20250 2
2 10718 4
1 27249 4
1 16821 2
0 4349 2
3 28713 2
0 24338 4
0 9768 4
3 10841 4
1 14389 4
0 2640 4
1 3816 2
3 12488 4
1 10092 4
0 4710 2
1 25601 4
0 24355 4
1 11384 2
2 19148 4
1 24249 2
3 9603 2
1 3904 4
3 17468 4
2 6555 2
2 14656 2
0 238 4
3 23725 4
1 8304 2
1 9460 2
0 11243 2
1 20314 4
0 64 4
1 22648 4
1 17376 4
0 17595 2
2 22356 2
0 14565 2
1 5558 4
2 25225 2
2 25910 2
2 12435 2
0 6038 4
0 23486 4
3 6830 4
0 16156 2
1 30953 4
3 145 2
0 10694 2
0 2392 2
1 12888 2
0 20093 4
1 5574 2
2 26977 4
3 5580 4
3 58 4
3 17208 4
3 32400 2
1 24174 2
3 7617 4
3 2020 4
0 15742 4
3 16551 2
3 3148 2
2 15060 2
3 3 4
0 31263 2
1 7762 4
1 17488 2
1 5433 4
1 25025 4
1 9102 2
1 11746 2
1 20857 2
0 30645 4
2 30968 2
3 12881 2
2 7772 4
2 30051 4
3 6345 2
0 19881 2
0 2746 4
3 23926 2
3 10875 2
2 19761 4
1 23213 2
1 3029 2
1 4805 4
0 24434 4
1 6029 4
0 17835 2
3 930 2
1 9270 2
1 8181 4
2 18783 4
1 3146 4
0 15493 2
2 14268 2
0 24219 2
2 10550 2
0 23209 2
2 6139 4
2 26185 2
1 21536 2
1 21034 4
2 32525 4
1 27280 4
1 5120 4
0 10194 2
1 16521 4
0 11994 4
1 3342 4
1 8617 4
2 21833 2
1 16336 2
3 4293 2
3 22264 4
1 27493 4
0 859 4
3 11742 2
3 16457 2
0 30264 2
0 18596 2
0 16464 4
0 18276 2
2 15960 2
2 22548 4
1 342 2
0 22355 2
3 29089 2
1 852 4
0 5992 4
0 27743 2
1 13098 2
3 13645 2
3 9791 2
2 9231 2
3 11085 2
0 552 2
0 24276 2
1 19759 4
1 6051 4
2 14158 4
3 3936 4
0 30661 4
1 23301 4
1 27496 2
0 13149 4
2 1308 2
2 3467 2
0 3678 2
3 899 2
2 14269 2
3 3215 4
1 31067 2
2 1483 2
0 17264 2
1 2729 2
0 32455 4
2 7534 2
1 23870 2
0 8115 4
3 31306 4
0 6886 2
2 19313 2
1 22726 2
2 24783 2
1 19434 2
0 30098 4
1 18491 4
3 20605 2
1 2933 2
0 29801 4
2 5546 4
2 8383 2
2 20927 2
3 8703 2
0 3565 2
1 29244 2
2 17474 4
2 10654 2
1 13085 4
1 16095 2
3 17845 4
2 6094 2
0 19603 4
2 27087 4
1 1555 2
1 27225 2
0 30439 2
2 20342 4
0 4756 2
2 8263 2
2 13299 4
2 21885 2
0 26033 4
0 18913 2
2 31439 2
2 31438 2
0 30499 2
3 6321 4
1 18390 4
3 26512 2
3 19428 4
3 28544 4
0 11423 2
3 32045 4
3 1579 2
3 29270 2
1 24579 2
3 26190 2
0 30067 2
3 5756 4
0 19997 4
3 9948 2
1 9844 4
0 12924 2
2 10308 4
1 11264 4
1 29480 2
3 3614 4
1 29970 2
2 23587 2
3 4806 2
1 29292 2
1 8287 2
2 9965 2
2 10697 2
3 14766 2
3 2885 2
2 5449 4
0 23017 4
3 24430 4
1 7197 2
0 22879 2
1 21023 4
0 4212 4
3 20096 4
1 24216 2
0 24228 4
0 15049 4
2 17222 2
1 22940 2
0 30962 2
1 7607 4
0 20617 4
2 22614 2
0 22465 2
2 22983 4
1 4514 4
1 20973 4
3 32522 2
2 193 4
2 30505 4
2 14028 2
2 20486 2
1 9646 2
1 22264 2
3 154 4
0 6446 4
0 27864 2
2 31784 4
0 16962 4
1 9788 2
0 7111 4
2 14098 2
3 14315 4
1 20520 4
1 10565 2
3 27982 2
0 22271 2
2 3371 4
3 19802 4
1 10678 2
1 24104 2
1 190 4
0 4432 2
1 11363 4
3 25933 2
3 2970 4
2 24495 4
1 31405 2
2 28056 4
1 23481 4
2 5184 4
1 28462 4
3 29042 4
3 31826 2
2 3085 2
2 18879 4
1 29828 4
0 26080 2
1 13663 2
2 16248 4
3 5047 2
3 3612 4
1 8126 2
1 2739 2
2 5428 4
2 30717 4
0 3059 2
0 31497 2
0 30820 2
2 17342 2
2 31752 2
1 1363 2
2 1520 2
3 16086 4
3 17221 2
0 21417 4
0 24513 2
0 29696 2
2 5684 2
2 21861 2
3 4352 2
0 15157 4
3 6813 4
0 20256 2
2 7702 4
1 18860 4
3 30601 2
0 27314 4
0 5291 2
0 16864 4
3 25923 4
3 18229 2
2 7082 2
2 17288 4
0 15697 4
0 2306 2
2 827 4
3 31647 2
0 2686 4
2 27058 2
1 21702 2
2 13406 2
2 6354 2
1 18461 2
3 25334 2
2 25916 4
0 1431 4
3 14429 4
2 22962 4
1 17140 2
0 20310 2
0 5066 2
2 20005 2
0 20349 4
1 26070 2
1 2302 2
1 20150 2
0 27154 2
2 14883 2
3 11219 2
0 29455 2
1 24364 2
3 20099 2
0 1375 2
3 27674 4
2 30850 4
0 18049 2
0 9214 4
3 5118 4
2 3343 2
0 30438 2
1 11079 2
3 32293 4
3 4363 2
3 30138 4
3 25620 2
2 1848 2
2 9711 4
2 10823 4
3 19581 4
1 25888 2
0 10868 4
2 23829 2
2 10204 2
2 14086 2
1 19091 4
0 18413 4
2 3786 2
2 5459 2
0 3974 4
2 9689 4
3 32544 2
1 8624 4
0 28613 4
3 17185 4
3 27638 4
0 5894 4
3 24329 4
1 3407 2
2 19878 4
2 22910 2
2 24139 2
2 9003 4
1 12745 4
2 1665 2
1 3013 2
1 25791 2
1 19255 2
1 1208 2
3 13038 2
1 851 2
0 523 4
1 5131 4
3 23681 4
2 4464 2
2 923 4
3 23973 2
3 24182 2
0 4833 2
1 21123 2
3 1006 2
0 27655 2
2 3244 2
1 22170 4
3 12942 4
3 9643 2
0 5404 2
3 27898 4
3 11888 4
1 10525 2
3 25529 2
0 30716 2
1 26043 2
2 8533 2
0 24909 4
2 28472 2
2 32730 4
1 22156 4
1 14304 4
1 28552 2
2 28020 2
1 15931 2
1 25276 2
2 19205 2
2 30836 2
0 2843 2
2 15977 4
3 6407 2
1 21505 4
3 15654 4
2 6321 2
0 17961 4
1 11397 2
2 12692 4
0 16540 4
3 9282 4
2 14249 2
0 13022 4
3 5748 4
3 31339 2
3 17495 4
0 2237 4
2 7105 2
0 5374 4
1 19126 2
0 2091 4
0 844 2
0 21908 4
2 31792 2
1 9056 4
1 16671 4
2 17158 2
3 21358 2
0 31189 4
2 6787 4
2 6508 4
0 9305 4
1 26691 4
0 13823 4
1 23073 4
3 11290 4
3 6307 2
0 11103 2
1 23483 4
1 8474 4
1 4655 4
3 5033 2
2 23062 2
2 17153 2
1 18782 4
2 6441 2
1 1609 2
3 27322 2
0 12267 2
2 1893 4
0 5806 2
3 6765 2
3 17614 4
1 23336 2
3 22238 4
0 3459 4
2 9281 2
2 21115 2
3 14257 2
2 18596 2
0 6075 4
3 31910 2
2 24385 2
0 10683 4
0 9719 2
2 18994 2
0 14567 4
3 30703 4
0 8941 2
3 7401 2
2 1339 2
1 29611 4
1 16342 4
2 22484 4
2 27159 2
3 26262 4
0 6955 4
2 28474 4
0 660 4
1 13211 2
1 20646 2
3 30887 2
1 28427 2
1 26337 4
2 2367 2
2 15073 2
3 25876 4
3 17874 4
1 2863 2
0 15860 2
2 16265 2
1 24344 2
1 18927 2
2 23334 4
3 3714 4
0 6810 4
0 30264 2
1 19714 4
0 10074 2
0 18818 4
2 3588 4
3 16209 4
1 13480 2
3 13881 2
2 27787 4
3 24347 2
3 17990 4
1 13416 4
3 23110 4
0 27305 2
0 24908 2
0 12536 4
3 7406 2
1 16773 4
0 4116 4
0 16914 4
3 1916 4
1 29815 2
0 29239 4
3 14111 4
0 2602 4
3 21897 4
1 19598 2
2 10440 2
3 17008 2
2 2051 4
1 6449 2
1 2294 4
0 2823 4
2 4207 2
1 6010 4
2 13010 2
1 3048 2
0 25749 2
0 23554 4
1 31429 2
3 19020 4
1 31615 4
1 24737 4
0 15991 2
3 14509 4
2 23925 4
0 5233 4
3 29907 4
2 18115 2
0 13313 4
3 27595 2
0 15873 4
1 29063 2
0 23019 4
2 28743 2
0 29545 4
0 21298 4
0 27452 4
2 20671 2
3 14262 2
2 13117 4
3 21822 2
1 29004 2
3 1743 2
2 5730 4
3 26233 2
3 31559 2
0 17887 2
2 20121 4
2 24247 4
1 27976 2
0 21325 4
2 2843 4
0 32512 4
0 11049 2
0 5827 2
1 26721 4
1 6558 4
2 3587 4
0 4395 2
2 36 4
0 8729 4
3 29742 4
2 27820 4
3 31070 2
1 15675 4
1 20804 4
2 3248 2
2 6215 2
1 20748 2
0 15902 4
2 7648 2
1 20056 4
1 5333 2
1 2261 2
2 9765 4
0 19018 2
2 8480 4
1 17601 2
0 5288 2
3 2071 4
1 32693 4
2 23164 4
1 20946 2
2 24822 2
3 15262 4
0 6111 2
1 20300 4
3 7010 4
2 28964 4
1 16386 2
2 6143 2
3 31507 2
1 24014 4
1 6975 4
0 24596 2
3 20738 4
2 28776 2
1 1839 2
1 5364 4
0 2921 2
3 22776 2
2 1706 2
1 27976 2
2 17856 2
0 6345 4
2 20938 2
2 30968 2
0 22719 2
1 4708 4
1 26088 2
1 12591 2
1 27234 2
1 6545 2
1 5533 4
2 2133 4
3 32223 4
0 858 4
1 6337 4
3 31250 4
3 944 4
3 13830 4
1 7278 2
0 6993 4
1 27023 4
3 14625 2
3 21245 2
3 10809 2
0 10868 2
1 17778 4
2 1030 2
1 7733 2
3 24216 2
2 21762 4
2 7267 4
2 14316 2
0 19316 2
3 13083 4
0 15917 2
3 4425 4
0 29634 2
2 3141 2
2 20668 2
3 11635 4
0 10105 4
2 32330 4
0 4266 2
0 2260 4
1 5076 2
2 10290 4
0 8144 2
2 10517 2
3 21323 4
1 14918 4
1 5447 4
0 11552 2
0 32152 4
2 1552 4
2 3431 2
3 23836 4
2 14258 4
1 3673 2
0 14794 2
2 14963 4
3 17364 2
2 5929 4
3 29001 2
3 4046 2
3 4470 4
0 13769 2
0 16380 2
2 278 2
2 19793 2
3 24771 4
0 30525 4
1 7028 2
0 29022 2
0 32735 2
1 15781 2
0 25937 2
3 21719 4
0 31783 4
3 7949 4
2 28245 2
1 15412 4
1 20451 4
3 7309 4
0 24427 4
0 26926 4
2 5789 2
3 15487 2
1 2747 2
0 10942 4
1 7453 2
3 6779 2
3 31662 2
1 27933 4
0 29036 2
0 30556 4
2 1772 2
3 18885 4
2 29396 2
0 18745 2
1 23136 2
0 5997 4
2 25054 2
3 19307 4
1 3377 4
1 31248 2
3 28754 2
2 3725 4
0 12234 2
3 29414 2
0 20793 4
3 2166 4
3 23506 4
3 28777 4
1 18653 4
2 9280 2
2 17460 4
1 24144 4
3 15558 2
0 21059 2
3 17687 4
0 13718 2
3 17342 4
3 6170 4
2 29669 2
3 3187 4
2 13773 2
3 8348 2
1 12104 2
0 9824 2
1 15421 4
1 19426 2
1 12071 2
0 1047 4
1 24982 2
3 16199 4
2 5292 4
0 29583 2
3 8609 2
1 30050 2
2 31296 4
0 8195 2
1 31080 4
0 19980 2
1 908 4
2 8683 4
2 30516 4
2 7776 2
1 28025 2
0 3840 4
1 19085 4
2 16565 4
2 7728 4
1 2619 2
1 21564 4
0 9381 2
2 13594 2
2 21462 2
1 13899 4
2 24328 4
2 6880 2
2 22857 2
1 25602 4
3 14841 4
2 4459 2
0 17741 2
2 12779 4
0 17615 4
0 17380 2
3 4059 2
1 26062 2
0 25635 4
0 22196 4
2 3628 2
2 18100 2
2 25040 2
0 30595 2
3 698 4
1 11496 4
2 31981 4
0 27964 2
3 11581 4
0 4592 2
2 31188 4
2 10247 2
2 23214 2
1 8343 2
2 12829 4
3 20812 2
3 30022 2
1 17637 4
3 9378 2
3 23478 2
1 5247 4
2 15396 2
3 1404 2
0 4908 4
2 3344 2
3 9437 4
1 19972 2
2 11481 4
3 244 4
3 3799 4
1 19666 4
3 22308 2
1 28515 2
1 2846 4
1 13760 4
0 18871 2
0 17622 4
0 15352 4
0 12775 4
1 21884 4
3 27399 2
0 25840 4
2 28575 2
0 29850 4
1 22765 2
1 31439 4
1 12930 4
1 23163 4
0 8899 4
2 13213 4
1 25449 4
2 968 2
1 2561 4
3 5796 2
3 8301 4
3 18026 2
1 3424 4
2 3180 4
0 19686 4
2 24970 2
0 30938 4
2 28350 2
2 8558 2
0 3473 4
0 30119 2
1 6308 2
1 15325 4
1 3112 4
3 6719 4
0 30310 2
3 12110 4
3 14392 4
0 31325 4
1 5518 4
0 5144 4
2 5610 2
1 14074 4
3 13540 2
1 6100 4
0 25255 2
2 3661 4
1 21618 4
3 3421 2
1 9496 2
2 27601 2
2 17792 4
0 31946 2
3 15653 4
0 30782 2
1 15000 4
0 13173 2
3 29689 2
2 10637 4
2 22402 4
1 21494 2
1 3068 2
1 21239 2
2 16711 4
2 26152 2
3 20694 4
2 13558 4
2 11825 4
2 26402 4
1 10098 2
2 3393 2
3 30152 4
2 22845 2
1 7671 2
1 9939 4
2 8406 2
2 21524 4
0 31696 4
2 27108 2
0 31076 2
3 5246 4
2 20900 2
0 27630 2
2 6841 4
2 3221 4
1 2398 2
1 32680 4
1 352 2
1 29617 2
1 30245 4
1 17677 4
3 6946 4
0 22124 4
0 25699 2
3 14677 4
3 22279 2
0 9887 2
2 10689 2
3 18169 4
0 13657 2
3 19299 2
1 13609 4
1 21938 2
2 22432 4
1 12560 2
2 7874 4
3 23162 4
1 4261 4
0 22848 2
1 14326 4
2 26504 2
0 29810 2
3 27340 2
3 7022 2
3 15447 4
3 26704 2
1 16844 4
3 15635 4
2 21919 4
3 12998 2
3 32666 4
0 31246 2
2 32090 2
1 2976 4
1 6863 2
3 10440 4
2 23231 2
2 11236 4
0 28483 4
2 10473 2
0 585 4
3 24030 4
1 19985 2
2 29532 2
1 1456 2
1 3348 2
2 3472 4
3 10825 2
2 1005 4
2 22097 4
3 6489 4
3 10521 4
3 14649 2
1 6046 4
1 582 4
2 5236 2
3 3854 4
1 67 2
2 3696 4
2 27205 4
1 11300 2
1 8393 4
2 18736 2
3 4531 4
3 1140 2
0 31482 4
2 4895 4
3 27433 4
2 26935 4
2 4575 2
0 12821 4
3 24654 4
2 6374 4
0 31167 2
0 24876 4
3 29709 2
2 20283 2
2 26662 4
3 24764 2
1 21133 4
1 21805 2
3 17370 4
3 1631 2
1 24888 4
1 4343 2
3 13543 4
0 19694 4
1 20152 2
3 5649 2
0 13459 4
3 25730 4
2 8948 4
0 13621 2
1 7529 4
2 17011 4
0 20246 4
1 3162 2
0 15154 2
1 12635 4
1 15751 2
2 5819 2
2 23286 2
1 24851 2
1 25072 4
2 15568 4
1 23294 4
3 30388 4
2 18746 4
0 25682 4
0 15060 2
1 7318 4
0 10638 4
2 59 2
2 11072 4
0 4691 2
1 29269 4
1 8386 4
3 7756 2
3 15555 4
2 23608 2
1 866 2
3 22337 2
1 13824 4
3 31008 4
1 8915 4
1 31398 4
2 23907 4
2 17462 2
0 18190 2
1 7750 2
0 26501 2
3 12771 2
0 5453 4
0 22826 2
3 28222 2
0 16335 2
2 8199 4
3 21402 2
0 169 2
2 1253 4
3 30455 2
3 22304 2
1 13084 4
1 16717 2
0 14101 4
2 24196 2
2 12083 2
2 28271 4
1 6810 4
3 9679 2
0 17349 4
3 20214 2
0 2304 4
0 14923 4
0 29932 4
1 32457 4
2 9982 2
3 2688 4
0 3072 4
1 787 4
0 26255 4
3 30264 2
1 10140 2
3 23099 4
3 5867 4
3 24187 2
2 19351 4
0 3051 2
0 29836 4
3 13715 4
2 28939 2
2 14605 2
3 14633 4
3 3848 2
1 5712 2
2 11208 4
2 11197 2
2 12196 2
1 20224 2
0 26502 2
2 12415 2
0 7535 4
1 21492 4
2 14576 2
0 22762 4
2 12210 4
1 4932 2
0 17903 4
1 29623 4
1 7927 2
3 16459 4
0 7596 2
1 7389 2
2 5383 2
2 25504 4
3 18576 2
3 19863 4
3 15593 2
2 27420 4
1 22596 4
2 27741 2
3 21225 2
1 14809 4
0 30641 2
0 23784 4
0 13453 2
2 14385 2
0 31488 2
2 4145 4
0 28833 4
1 25530 4
3 28570 4
1 5233 2
2 22315 4
0 24400 4
2 11304 2
1 9506 2
1 2422 2
2 778 4
1 24723 2
0 15100 4
1 2571 2
3 27714 2
1 9731 2
0 7160 4
2 19634 4
0 3472 2
0 3811 4
0 27471 4
3 18037 2
3 16078 2
3 14042 4
1 14715 4
0 32155 2
0 19733 4
2 21203 4
2 5172 4
2 6576 4
1 2750 2
3 16629 2
3 5746 4
2 29563 2
2 24417 2
3 6315 2
0 30832 4
1 9477 2
0 22489 4
2 15004 2
3 8103 2
1 6552 2
0 13884 2
2 24755 4
1 11982 2
1 7612 4
0 486 2
3 11799 4
3 5600 4
3 28475 2
0 5998 4
3 16178 4
1 8725 4
1 19741 2
1 14510 2
2 14765 2
2 3558 2
3 1963 2
1 7358 2
2 23666 4
1 4364 4
1 4207 2
0 32761 2
0 4008 4
0 28801 2
2 2610 4
0 13302 4
0 29881 2
0 3709 4
2 22780 2
0 12174 4
0 30286 2
2 31352 4
2 12822 4
3 7900 4
0 22608 2
3 302 2
3 11274 2
2 29495 2
2 18408 2
3 15509 2
2 20128 4
0 29497 4
2 27519 2
0 9191 4
0 8930 2
0 19130 4
2 29373 2
3 7070 4
2 17176 2
3 6868 2
3 9869 4
1 1394 2
1 27340 4
1 2528 4
1 30999 2
3 20572 4
2 1734 4
3 21367 4
2 5572 2
2 2198 2
3 17679 4
2 22641 4
2 28988 2
2 26519 4
3 9457 4
0 12008 2
3 22890 2
1 25626 4
1 1781 4
1 12853 2
1 1397 4
0 16919 4
1 15587 4
2 4848 2
3 9672 2
0 8903 2
3 6596 4
1 26356 4
3 29706 4
2 5283 2
2 482 2
2 14679 2
0 17190 4
2 9061 4
2 31429 4
2 6773 4
3 3907 4
3 26629 2
0 15159 2
3 12261 4
1 3532 2
0 6332 2
1 15168 4
1 17537 4
2 15720 2
3 6403 2
2 17450 2
1 22626 4
3 30209 2
1 2451 4
0 125 4
0 12512 4
2 30912 4
2 22630 2
1 3074 4
0 26773 2
0 14 4
1 20659 4
0 963 2
2 32602 2
1 20372 4
1 10997 4
0 5641 2
1 27207 2
3 17467 2
0 7397 2
0 4700 4
0 9142 2
2 25644 4
3 27002 2
3 31109 2
0 15168 4
1 28368 2
3 28911 2
0 3470 4
0 26046 4
2 27856 2
1 16571 2
2 25023 2
3 3400 2
0 16405 2
1 9113 4
1 27298 2
1 24888 2
0 13256 2
2 12674 2
2 3583 4
0 26151 4
2 3154 4
3 24493 2
2 13024 4
0 1517 2
0 5979 2
2 4245 2
2 20877 2
2 8100 4
3 15310 2
3 9201 2
3 911 4
0 6053 4
3 2515 2
1 1724 4
2 5040 2
2 26505 2
1 19154 2
3 17199 2
0 3576 4
1 11816 4
0 4470 2
0 4289 4
3 20401 4
2 16284 2
2 18854 2
3 25645 4
2 5988 2
3 13629 4
3 18573 4
2 32619 2
0 5336 2
0 32166 2
2 23698 4
1 436 4
0 31001 2
3 27822 4
0 23903 2
3 30593 4
1 1645 2
0 19310 4
3 15326 4
3 27275 2
3 8288 2
0 26689 2
0 4662 4
0 29132 4
3 23480 2
1 9918 4
3 13265 4
1 16764 4
2 3712 2
2 4031 4
2 15704 2
0 15124 4
1 24577 4
3 24924 2
2 9396 2
1 32077 2
1 22723 4
2 7919 4
3 18702 2
3 29728 2
3 29327 4
2 8465 4
2 719 4
1 26823 2
0 10351 4
3 9627 4
1 13216 4
1 4538 2
1 1707 4
3 24485 2
1 22122 4
0 8882 2
0 15053 4
1 1929 2
2 3926 2
3 23720 4
0 9117 4
1 27360 2
2 15309 2
3 7638 4
0 24869 2
1 31874 4
2 632 2
1 29107 2
0 25773 2
0 25738 2
2 25408 4
1 8442 2
0 191 2
2 4174 2
3 18253 2
1 16803 4
3 31011 2
0 17002 4
0 4362 2
2 18152 2
1 4834 2
0 8885 2
3 11294 4
1 4416 4
3 9286 2
2 20041 2
0 7540 2
3 32358 2
2 9431 2
0 26495 4
2 4915 2
0 31058 4
3 15711 4
1 9711 2
2 29894 4
2 2621 2
3 22503 4
1 26227 2
2 29396 2
2 26272 2
3 12214 2
2 15140 2
3 5960 2
1 309 4
1 24919 4
3 31579 4
1 21833 4
0 6643 4
0 31379 2
0 21424 2
2 6465 2
0 19989 2
3 2674 4
2 22013 2
2 22745 2
1 10259 2
1 12606 4
3 2394 4
3 8955 2
2 12199 2
1 12415 2
3 31265 4
2 12238 4
2 31176 2
3 31486 2
3 18923 2
3 28860 4
3 14513 2
3 17605 4
1 16273 4
0 8302 2
1 19418 4
0 4893 4
1 22316 2
1 21197 4
3 20476 4
2 19597 4
1 21012 2
0 1282 2
0 12048 4
2 18657 4
0 18146 2
1 11638 4
3 12368 2
1 24863 4
1 12657 4
2 19409 2
3 2099 4
0 32659 2
1 728 4
0 30974 2
2 26740 4
1 12227 4
3 12657 4
3 30501 2
0 4107 2
3 11898 4
2 18645 2
1 16815 4
0 23346 4
1 31169 2
3 31196 2
2 7492 2
1 21344 4
2 24800 4
1 10912 4
0 10191 4
2 16208 2
1 5216 2
0 1658 2
0 26743 4
2 13050 4
1 13835 2
2 3586 4
2 24487 4
2 8087 2
1 26858 4
1 10002 4
3 5894 4
1 25505 2
1 24900 4
3 11459 2
2 12671 2
3 23247 2
2 29861 2
1 32622 4
1 31545 4
0 28188 2
1 10707 2
2 5291 4
0 31135 4
2 9152 4
3 18650 2
1 1876 4
2 31576 2
2 12084 2
1 27392 2
3 10113 2
0 10318 4
1 305 4
0 2768 2
3 2701 2
0 4522 4
0 22449 2
1 5139 4
0 6927 2
3 16853 2
3 19948 2
2 29649 4
3 10465 4
1 19576 4
1 27739 4
2 10323 2
3 31003 2
0 24188 4
1 14519 4
0 20771 4
3 22039 2
1 19978 4
1 17913 2
3 16138 2
3 8046 2
0 10891 2
2 17499 2
2 1039 4
1 23033 2
2 19624 2
0 4437 4
1 894 2
1 16336 4
1 26186 4
2 18336 2
1 477 2
0 20557 2
2 4762 2
3 20277 2
2 13559 4
0 24585 4
1 26113 2
1 27981 4
3 21461 4
1 10460 4
0 32295 2
1 21602 2
0 9919 4
0 23008 4
0 4599 4
0 13356 4
3 5951 4
3 10094 2
1 409 2
2 18852 4
3 16413 4
1 23326 4
1 26229 4
2 28419 2
2 32098 4
2 25547 4
0 9014 2
3 11202 2
2 31832 4
0 25995 2
0 29635 4
3 17563 2
2 19335 2
2 18874 4
1 32071 4
3 19334 2
1 27321 4
0 20207 4
1 24105 2
0 12220 2
2 23286 4
0 6404 2
0 15891 2
2 19894 4
0 11912 2
2 16658 2
0 24047 2
0 32557 4
3 6391 4
3 25969 2
2 10212 4
1 11035 4
3 32525 4
0 14780 4
2 16220 2
3 21944 2
3 1746 2
3 5833 2
2 4352 2
3 12413 2
3 10127 2
0 2740 4
3 25273 4
2 10787 4
0 14798 4
1 26836 4
1 25520 2
0 32420 2
0 1880 4
2 22979 2
1 15438 2
0 18231 4
2 23348 4
0 27482 2
1 7740 4
1 2647 2
0 4526 4
0 8369 4
2 21603 2
1 19388 4
0 10316 4
0 546 2
0 21228 2
1 7264 4
1 19930 2
0 11590 4
1 18240 4
1 10874 2
2 29278 2
2 25845 4
2 10248 2
0 20869 4
2 22307 4
2 8521 4
3 17709 2
1 10809 4
0 7858 4
1 8091 4
1 22487 2
2 6799 4
0 23763 2
0 29316 2
3 4721 4
0 26048 2
3 9872 4
1 4572 4
3 12450 4
0 15429 4
1 8753 4
0 27325 4
1 1877 4
3 19416 2
1 5951 2
3 28544 4
0 5297 2
1 20337 4
0 32388 4
1 10173 4
1 4129 2
1 8009 4
1 4616 4
1 16462 2
2 31308 2
2 16601 4
2 23829 4
0 6988 4
0 11549 4
2 30427 2
0 19507 2
2 24591 4
3 27579 4
2 20806 2
1 15660 4
0 2865 4
1 29328 4
2 15701 4
0 3848 4
3 32395 4
2 1861 2
1 5505 2
0 12816 4
1 4406 2
0 2244 4
2 12673 4
0 14286 4
2 8074 4
0 32564 4
3 30287 2
3 25355 2
3 6945 2
2 11263 2
1 26149 4
1 14287 4
2 6868 4
0 6606 2
1 12411 2
3 2915 2
3 27323 4
2 11402 2
3 16906 4
2 5201 2
0 7216 2
2 12636 2
2 21707 4
3 31329 2
0 5580 4
0 28333 2
1 32760 4
3 26269 4
2 9064 2
2 13349 2
2 18441 2
3 4941 4
3 1564 2
1 27311 4
2 11959 2
0 23547 2
2 1090 2
1 9331 2
2 17147 2
0 19823 2
2 31090 4
0 11482 2
2 12558 2
2 13746 2
0 26247 2
2 6284 2
1 21098 2
1 13326 2
3 408 4
1 21876 4
2 15814 2
0 18700 2
2 17919 4
2 15033 4
3 22301 4
2 26228 2
2 1108 4
1 6342 2
1 24487 4
3 32591 2
2 29297 2
3 18754 4
1 1502 2
3 6119 4
1 15215 4
3 16152 4
3 30073 2
1 21956 2
0 4006 4
0 5743 4
1 26483 4
1 4016 4
2 13489 2
3 9394 2
1 12804 2
0 23987 4
2 5479 4
2 2184 2
2 22693 4
3 10519 4
1 20961 4
1 14811 2
1 7184 2
0 15460 2
2 20346 2
3 6612 4
1 2620 2
2 21347 2
0 18633 4
2 732 4
2 3684 4
3 11038 4
0 23975 4
1 22684 4
0 256 2
1 4574 4
1 9007 4
1 6141 2
1 14281 2
3 30507 2
2 13240 2
3 26408 4
2 5561 2
0 31694 4
3 16092 2
3 9606 4
0 6919 4
0 465 2
2 6515 2
2 31680 2
0 29998 4
3 15484 4
3 19864 4
3 27583 2
2 3814 4
0 16473 4
3 10914 2
0 24748 2
0 8232 4
3 4912 2
0 21802 2
1 16112 4
3 15918 4
1 15371 2
2 22283 4
1 29747 2
0 27503 2
3 21298 4
2 12124 2
1 1888 2
0 10150 2
2 4654 2
1 25207 2
3 10399 2
0 32715 4
3 25545 4
1 2548 2
0 16728 2
0 7703 4
0 29708 2
3 25773 4
0 1078 4
2 23044 2
0 16446 2
2 26299 4
1 32032 2
0 18505 4
2 9963 4
1 18807 4
3 8513 4
0 19169 2
1 30681 4
0 7033 2
0 24320 4
2 8452 4
0 1044 4
1 20635 2
1 11783 2
2 30507 2
2 11746 4
0 20982 2
2 8000 4
0 30480 4
2 30927 4
2 3554 4
0 27858 4
2 22442 4
0 6561 4
0 2041 2
2 2599 4
2 27956 2
1 1635 4
0 26900 2
2 13288 2
2 14630 2
2 1630 2
2 3916 2
0 32766 2
2 31289 2
0 16922 2
0 7673 2
3 28050 2
2 15463 2
0 21344 4
2 3509 4
0 29965 4
2 26856 2
3 21818 2
1 15448 2
2 6168 4
0 22068 2
3 29680 4
2 31997 4
3 29084 4
1 22535 2
3 32012 2
3 10235 4
3 17858 2
2 20311 2
2 28502 2
0 10988 2
0 4595 2
0 14942 2
3 2776 4
3 6312 2
2 7384 4
3 17558 4
1 24794 4
0 14665 4
0 1626 4
2 22199 2
0 25574 4
0 6696 4
0 22433 2
0 9914 4
0 30660 4
0 7646 4
2 4888 2
3 18392 4
0 381 4
2 3139 4
0 17510 4
0 14987 2
0 30555 4
2 8817 4
2 4214 2
3 31882 4
1 28902 4
2 8896 4
2 17775 2
3 6352 4
0 14056 2
1 25803 2
0 27324 4
3 14229 2
2 21354 2
2 25961 2
2 20740 2
1 11859 4
1 8627 4
2 22196 2
1 8754 2
2 4033 2
0 24143 2
1 12292 4
1 29037 4
3 15322 2
1 14084 4
0 15859 4
0 19231 2
1 28630 2
2 23261 2
0 12890 4
3 17649 2
0 22062 2
2 2595 2
3 13394 4
2 3533 2
2 5787 4
0 9822 4
1 28723 4
2 32218 4
0 26135 2
0 16983 4
3 10135 4
1 9858 4
3 5849 2
3 12824 2
3 16727 2
0 25198 4
0 10332 2
1 6890 2
1 22923 4
3 25991 4
0 22360 2
1 852 2
2 20877 4
0 19702 2
3 11719 4
3 25378 2
0 24566 4
0 12068 4
3 4832 4
1 13146 2
3 8350 2
3 11193 2
1 23326 2
2 32328 4
1 9376 4
2 31648 4
2 22585 4
0 28530 4
1 595 2
3 257 2
3 26922 2
0 25507 2
2 25936 2
3 22341 4
1 2602 4
0 30948 4
1 7794 2
2 25364 2
0 25779 2
3 7805 2
1 13264 2
2 25177 2
2 24445 4
0 9463 4
1 28867 4
0 31803 4
0 11905 4
3 19996 4
2 30182 2
0 20773 4
3 25336 2
0 23797 2
3 18704 2
0 2750 4
0 31579 2
2 9673 2
3 25947 2
0 27633 2
3 29540 4
1 7716 4
3 19231 2
2 24805 4
3 21514 4
2 27852 4
2 4086 4
2 3845 4
3 17288 4
2 31181 4
3 28345 2
2 25848 4
1 5463 4
2 32365 4
3 22401 2
3 10920 4
2 23086 4
3 5431 4
1 32678 2
1 4414 4
3 28679 4
3 18932 2
0 29122 2
1 17187 2
0 4636 2
1 10668 2
0 7598 4
2 29696 4
3 26853 2
3 21160 4
3 26755 2
2 28862 4
2 6683 4
3 1138 2
1 15513 2
1 12166 4
3 22712 4
1 12243 4
3 6538 4
2 24513 2
2 29939 2
1 1746 2
3 9262 2
3 31256 2
3 27719 4
2 3259 4
1 13983 2
0 20596 4
2 31084 2
0 9748 2
2 28726 2
2 7678 4
2 9307 4
0 10408 2
0 17804 4
0 5919 4
2 21070 2
3 27520 2
3 4218 4
1 31103 2
0 21948 2
2 22244 2
0 8216 4
2 7177 4
1 32352 4
2 29790 4
0 18623 2
1 32485 2
1 10546 4
0 32438 2
1 29706 4
3 23419 4
3 20587 2
1 29173 2
3 12496 2
0 13430 4
2 7045 2
3 7013 2
0 17195 2
2 26045 4
0 28471 2
1 10638 4
0 13428 2
1 13435 4
2 32124 2
2 15418 2
0 25411 4
3 24343 2
1 21900 2
1 29809 2
2 4978 2
1 11579 2
1 29665 2
1 1149 4
1 32282 4
3 32721 2
1 21042 2
2 16358 2
1 24979 4
2 24832 2
0 30586 4
1 11126 2
0 4471 4
1 5170 2
0 2032 4
3 3381 4
1 1695 2
3 9744 2
2 21776 2
1 31852 2
0 28451 2
1 31875 4
2 28048 4
0 29093 2
3 15966 2
1 26292 2
3 11626 2
1 22185 2
2 15591 4
0 11533 2
0 19928 2
1 5759 2
2 6295 2
2 8500 4
0 30034 2
1 11635 2
0 29833 2
0 11797 2
2 18321 4
3 14604 2
2 30996 4
1 26584 2
0 30094 2
2 2067 2
0 25553 2
0 7142 4
2 19843 4
1 10897 4
0 6043 2
2 24808 4
3 19175 4
3 465 2
1 11401 2
1 9927 2
2 9845 2
3 20569 2
3 32757 4
2 18091 2
1 26149 2
1 18932 4
0 17527 4
1 4863 4
1 27952 2
2 9131 2
3 4586 4
0 26474 4
3 3088 2
3 9158 4
0 30053 2
3 14551 4
0 4221 2
1 12750 2
0 321 2
0 9581 2
0 21871 2
1 26253 2
1 23833 4
3 1175 2
1 21282 2
0 7179 2
3 21956 2
3 30460 2
1 12044 4
3 32146 2
0 27995 4
2 30343 4
3 19431 4
0 6058 4
3 27449 2
3 26207 2
0 22957 2
2 26653 4
0 27637 2
3 8942 4
3 26006 4
0 28147 4
1 29033 4
3 4573 2
3 27163 2
1 14709 2
1 29357 4
3 12822 4
3 24309 2
0 31789 2
0 27676 4
0 11200 4
2 18718 2
0 6372 4
3 28493 2
0 24645 2
2 19150 2
0 13218 2
0 13081 2
0 31310 4
0 13181 2
0 16816 4
3 9115 2
0 32196 2
0 4071 4
1 6552 4
1 29226 4
2 22480 2
1 14850 4
0 802 4
0 9568 2
3 28379 2
2 26888 2
2 18264 2
0 10517 2
3 12941 2
1 16755 2
0 16514 2
2 24163 4
3 11217 2
3 25851 2
0 27178 4
0 11171 2
2 3279 4
1 665 2
1 28952 4
2 3182 2
2 16624 2
3 26247 2
1 17237 2
1 8604 2
3 31964 2
3 2620 2
2 8235 4
3 16711 4
0 20094 4
3 9331 2
0 10275 4
0 1736 4
2 11518 4
2 14628 4
3 27909 4
2 25271 4
3 2244 2
2 10632 4
2 474 4
0 10991 2
0 23418 4
3 17432 2
1 2796 2
1 10886 2
1 14346 4
0 21646 2
1 19907 4
1 12760 2
0 23195 4
0 13282 4
3 16681 2
2 9852 2
1 14488 2
1 22605 2
0 7462 2
0 4940 2
2 4264 4
0 25928 4
1 27396 2
0 14433 2
0 31413 2
2 15244 2
3 5451 4
0 6931 2
3 30696 4
0 2323 4
3 30660 2
0 5628 4
0 682 4
2 22805 2
3 28537 2
1 26869 4
2 7844 4
3 9227 2
2 27315 2
1 18710 2
0 26816 2
2 24494 4
3 30970 4
0 28858 4
3 10021 4
1 3831 4
1 23319 4
3 12151 2
1 22844 4
1 21024 4
3 4884 4
0 31273 4
3 18352 2
2 30368 4
1 29753 2
3 31463 4
1 5225 2
3 1842 4
3 13072 2
1 8459 4
1 19088 4
3 23503 4
0 30049 4
3 12590 4
3 28302 2
0 10670 4
0 25142 4
3 21800 4
1 3595 2
3 4938 4
0 12759 2
2 11283 2
3 20466 2
1 14426 2
2 15821 4
3 23112 4
3 1131 2
3 17881 2
1 4322 2
1 6496 4
2 13534 2
1 1536 4
3 30495 4
0 18483 2
0 13302 4
1 28742 2
1 3531 4
2 31451 2
3 11674 2
0 14694 2
1 21362 2
3 2736 2
3 14069 4
3 25432 2
2 14299 2
0 9805 4
2 24174 4
3 19797 4
3 11279 2
3 24969 2
1 15279 2
1 17366 2
0 12887 2
3 17789 2
0 32674 4
1 4244 4
1 28222 2
0 24708 4
1 1134 2
1 2697 4
1 13450 2
0 22069 2
0 23933 4
2 9709 2
0 6982 2
2 28522 4
3 26488 2
1 1081 2
3 2491 4
2 10811 4
2 22600 2
3 1062 4
3 18545 4
2 18946 2
3 20247 2
0 20909 4
2 4401 2
1 26456 2
3 25676 4
3 30216 4
3 7941 4
3 22 4
2 14736 4
3 26543 4
0 15925 2
2 1876 4
2 2510 4
2 6747 4
2 23627 4
1 30060 4
3 14638 2
1 3845 2
3 6159 4
0 22519 4
3 25881 4
1 25575 2
2 20875 2
1 25038 2
2 29752 4
2 25720 4
2 14855 2
3 31497 4
2 9844 2
2 6515 4
3 25613 4
1 20738 2
0 9461 2
3 22736 2
2 21349 2
0 26193 2
0 4646 2
0 21961 4
3 3352 4
0 8912 2
0 6574 4
2 12501 2
1 10096 2
2 25496 4
0 120 2
0 1967 4
0 23029 2
3 2818 2
2 13484 2
2 1359 2
1 3441 4
1 4262 4
3 23986 4
0 29166 4
2 27629 4
0 4446 4
3 27700 2
0 17157 4
2 28848 2
2 24387 4
3 10780 2
3 11086 2
3 30790 4
2 4526 2
2 19089 2
2 10944 2
3 20597 2
3 5431 4
2 31229 2
1 7830 4
1 18504 4
2 15288 2
3 28169 2
3 20808 4
0 16392 2
3 19529 2
0 30111 2
3 2704 4
3 14653 2
3 4933 2
2 2278 4
3 8037 4
1 26288 4
3 29251 4
0 22856 4
0 514 4
2 15467 4
1 28700 2
0 24942 4
3 20959 2
3 32695 4
1 18667 4
2 30017 4
1 27573 2
1 22299 4
0 32263 4
0 20970 2
2 31101 4
1 23139 4
0 26122 4
2 11730 4
0 625 4
0 8854 4
1 15564 4
3 18593 2
0 31496 2
3 23037 2
0 13159 2
0 31554 4
3 21757 2
3 19489 2
3 52 2
0 18397 4
2 3913 2
2 30156 4
2 28364 4
1 27099 4
1 17955 2
3 5383 2
2 28679 4
3 26084 2
3 17157 2
1 14618 4
1 10751 4
1 6627 2
3 3241 4
3 21134 2
3 2061 4
0 19712 4
3 30471 2
0 17197 2
1 19145 4
2 16291 4
0 13144 2
0 28160 4
1 6157 4
0 15222 2
3 24598 4
3 18255 4
3 2802 4
2 9059 2
0 6392 4
0 25763 2
0 17361 2
2 913 4
2 1785 4
3 3269 2
2 30786 2
0 8555 4
0 28753 2
1 18368 2
1 799 2
2 2968 4
0 18553 4
3 28378 2
2 29825 4
1 10754 4
3 16426 4
3 15518 2
3 8640 4
1 19922 4
1 21854 4
0 23765 4
0 13686 4
0 16753 4
1 25421 4
0 31879 4
2 16252 2
2 22664 2
2 12912 2
1 23037 2
3 17642 4
1 1 4
2 2176 2
2 21697 4
3 20506 4
1 19971 4
2 14454 4
2 32156 2
3 165 4
0 4599 2
3 12940 2
0 9877 4
1 7012 4
3 25736 2
2 5178 4
3 29432 2
1 6767 2
2 14238 4
3 14393 4
3 26443 4
0 15648 4
3 26210 4
0 18050 4
1 31065 4
3 6160 2
2 17725 4
3 17486 2
2 8235 4
0 9495 2
1 12759 4
3 9239 4
3 25609 4
0 21327 2
0 8987 4
1 21909 2
1 28285 2
2 5905 4
1 14641 2
0 21953 2
1 6735 4
1 31221 2
1 19841 4
3 16084 2
1 904 4
1 10966 2
0 694 4
1 22599 2
0 6002 4
0 3530 4
0 21687 4
1 9940 4
1 9365 2
2 19501 2
1 10415 4
1 31859 4
3 27323 2
0 25750 2
1 23813 2
1 2141 4
1 10988 4
3 15071 4
1 22883 4
0 26379 2
2 14194 2
1 10273 2
1 7859 2
1 12855 2
1 981 4
2 2741 2
3 22300 2
3 4312 2
2 13535 4
0 22067 2
3 26120 2
1 18217 4
2 12440 2
3 9076 4
3 30752 2
1 18082 2
2 11849 4
0 16531 2
3 4941 4
3 15868 2
3 18044 4
1 16615 4
1 9913 2
2 10545 4
2 762 4
1 3338 4
2 6859 2
1 24952 2
0 28362 2
0 29397 4
2 24876 2
2 11596 4
3 9784 4
0 13664 4
3 1223 2
2 20581 2
2 26315 4
0 7429 4
1 14788 2
2 7101 2
0 8012 4
0 1885 2
2 28044 2
3 32139 4
0 32708 2
1 30528 2
2 22216 4
1 4426 4
1 2430 2
1 9416 4
3 1377 4
3 12210 2
2 7936 4
0 3406 2
2 29311 2
0 32444 2
2 5141 2
0 875 4
3 4237 4
2 417 2
1 15814 4
1 16119 2
0 23346 2
2 10458 2
0 603 2
0 27916 2
1 26457 4
0 25121 2
0 26973 4
2 16387 2
0 29482 2
3 10350 2
2 11158 4
1 32628 2
2 30221 2
2 5114 2
3 17166 2
1 6201 4
3 12460 2
3 27198 4
1 31503 2
3 11371 2
1 15601 4
3 11764 4
3 33 2
1 9058 2
0 7683 2
3 12052 2
3 28686 2
3 14777 2
2 20556 4
0 6870 2
3 27102 2
3 4422 2
3 22902 4
2 2998 4
2 7642 4
0 16677 4
1 22632 4
0 6506 2
3 23948 4
2 26029 2
1 5452 4
1 26860 4
2 11197 2
3 12408 4
3 4491 2
3 15478 2
0 19573 2
2 30815 4
0 6094 4
2 896 2
1 21757 2
3 18810 2
3 19454 2
1 27331 4
0 15327 2
3 29987 2
3 15172 2
3 27704 2
1 26851 2
0 8691 4
1 27657 2
3 24345 2
1 17683 4
2 23491 4
3 28150 4
0 2014 2
2 19127 2
2 9131 4
2 27123 2
0 10304 4
3 5465 2
2 5 4
2 12843 4
3 3896 4
2 29121 2
2 3178 2
1 20998 2
0 10495 4
1 28152 4
3 2482 4
3 7724 2
2 3855 2
3 26952 2
3 28151 2
2 17544 4
3 6175 2
3 9274 4
2 29842 2
2 23618 4
1 26666 2
0 20630 2
1 11803 2
1 30146 2
2 105 2
1 8549 2
2 4204 4
0 10931 2
2 20307 4
2 23281 4
1 1694 2
3 11772 2
1 16546 2
0 25282 4
3 265 4
0 23495 4
3 19792 4
0 20386 4
2 1352 4
3 18814 2
2 2965 4
3 31129 4
2 15922 4
2 21960 4
3 16106 2
2 2545 4
0 3040 2
2 14479 2
3 26633 4
2 2866 2
2 5037 4
3 4860 4
3 21737 4
1 31013 4
0 20528 2
3 32632 2
3 12485 2
2 20692 4
3 8514 2
2 8621 2
2 5141 2
3 8328 4
1 23550 2
2 13954 2
3 5266 4
2 6089 2
2 23227 4
3 9249 4
0 21814 4
2 5984 2
3 3347 4
3 2546 4
1 5688 2
2 16727 2
1 2015 4
3 20640 2
1 17683 2
2 2294 4
2 5431 2
3 14867 2
0 3199 2
3 17095 4
3 17525 4
1 29044 4
2 25717 4
2 13458 2
3 31281 4
1 6956 2
1 8751 4
0 9569 2
1 70 2
1 25828 4
2 2084 4
2 28028 4
1 5579 4
2 5508 2
2 22031 4
1 1644 2
1 32538 4
0 7479 2
1 22760 2
2 6907 4
1 5579 4
0 9572 2
2 31464 2
2 5938 2
2 22712 4
0 8374 4
0 21385 4
3 14424 2
2 31738 2
1 23316 2
1 14210 2
0 7417 4
1 30954 4
0 2473 4
2 18638 4
0 21724 4
0 7712 4
1 23260 4
0 1701 2
2 28938 2
0 8054 4
1 1624 4
3 23936 2
1 5068 4
3 9733 4
2 23812 4
2 14105 4
1 173 2
1 24613 2
1 22794 2
0 2663 2
3 11379 4
0 4464 4
2 11731 4
3 27557 2
0 19753 4
0 8895 4
3 22536 2
0 7243 4
1 27160 2
2 12843 2
0 11666 2
0 6931 4
3 27592 2
3 8972 4
3 28059 2
3 13300 4
3 11266 4
1 11772 2
1 20618 4
0 4137 4
2 1488 2
0 28884 4
2 6153 2
2 17962 4
1 25978 4
2 32428 2
0 7936 4
3 27056 4
2 22666 2
3 28638 2
3 27034 2
0 7092 4
0 7624 2
0 29187 2
1 13631 4
1 6767 2
2 13630 4
2 22515 4
2 2200 4
1 20827 2
3 28724 4
3 10696 2
1 17294 2
3 26928 4
2 308 2
3 13531 2
0 12105 2
1 22503 2
3 3078 4
0 7109 4
2 3636 2
0 28857 2
3 13747 2
2 26206 2
0 11255 2
1 29728 2
3 13445 4
2 4544 2
2 28026 2
1 8147 2
0 24580 4
1 8259 2
2 24808 2
0 16077 2
3 16634 2
1 10626 4
1 19880 4
1 14662 4
1 8560 2
2 27220 4
3 17508 2
3 9400 2
3 7341 4
1 21715 4
2 12038 2
0 21466 2
3 12093 2
0 8279 4
2 24757 2
1 26279 4
0 18150 4
3 22906 2
1 9691 2
2 23127 4
0 21171 2
0 29205 2
3 21538 4
2 6499 4
1 21229 4
2 20801 4
2 23153 2
0 2948 4
3 26908 4
0 25430 2
3 20722 4
2 9652 4
2 26633 2
3 10734 2
2 2318 4
1 31274 4
1 25534 2
3 19426 4
1 7534 4
2 18529 4
0 16772 2
1 9546 2
0 507 4
1 3345 4
0 18403 2
2 22400 2
1 5086 2
1 4660 2
2 11940 2
0 22813 2
0 10624 4
1 32513 4
3 11985 2
3 1530 4
3 8842 4
3 26611 4
0 4786 4
0 12079 4
3 30692 4
0 24258 2
3 17872 4
1 11030 4
0 19385 4
1 615 4
3 25845 2
2 25927 2
0 31089 2
2 3867 2
2 20010 4
0 28317 4
3 9652 2
2 28248 4
2 12471 2
1 3375 4
3 20077 2
0 18134 2
2 7461 4
1 19542 2
0 23236 4
2 3214 2
1 5438 2
1 3245 4
1 11041 4
1 4281 4
3 7179 2
3 5131 4
0 10543 2
1 4560 4
1 17876 4
3 7562 2
0 22485 4
1 19341 2
0 18466 4
2 27010 4
2 25405 4
0 1767 2
1 2495 4
2 19853 2
3 12497 4
1 10777 2
1 12979 4
3 17540 4
3 28472 4
3 18588 2
1 15431 4
2 32384 2
3 9820 4
3 13095 2
2 261 4
1 28889 4
1 18278 4
0 1973 4
1 19638 2
0 26153 4
2 15551 4
2 16765 4
0 27746 2
0 3657 2
2 31249 2
1 18682 4
2 15954 4
3 3666 4
3 3139 4
3 996 2
2 16912 2
1 4252 2
1 10623 4
1 25909 4
3 10341 4
3 21697 2
2 16685 2
0 32036 4
0 25432 2
2 16281 4
3 3064 2
0 2348 2
1 13877 4
0 27455 4
0 7112 2
0 1029 4
2 17794 2
2 14090 2
3 27590 4
3 13736 2
2 9995 2
3 22419 2
0 28763 4
3 17231 4
1 29142 2
2 26293 2
1 10032 4
1 16241 4
0 20014 2
3 29575 2
3 10029 4
2 14793 2
0 1436 4
0 4706 4
2 12413 2
3 20303 2
3 4840 2
1 27873 4
3 15495 4
0 14909 4
0 12827 2
3 20955 4
1 3574 4
3 25098 4
1 28799 2
0 17770 4
2 16561 4
2 27505 4
0 15516 2
3 4327 4
2 23011 4
3 18537 4
0 30268 4
0 21226 4
0 22515 2
2 18477 4
0 32359 2
1 3917 4
1 17036 4
3 10038 4
0 18279 4
1 16169 2
3 14997 2
2 7995 4
0 25796 2
0 24790 2
3 2616 2
1 30519 2
3 6984 4
0 2030 2
1 13534 2
1 4962 2
1 28923 4
1 27978 2
3 1840 2
3 1333 4
3 15654 2
0 32514 4
2 10008 4
0 7017 2
2 14419 2
2 28785 4
2 9149 2
1 29175 4
3 3147 2
1 18990 2
0 1417 2
2 537 2
0 25621 4
1 31250 4
2 24101 2
1 12871 4
0 31741 2
0 25400 4
1 22649 2
3 26170 2
1 12682 2
2 28151 2
1 18608 2
1 3819 4
1 4997 2
0 6120 4
0 15410 2
0 14996 2
3 29175 2
3 998 4
3 2472 4
0 9388 2
2 28203 4
1 2568 4
2 24827 4
0 17902 2
2 2727 2
2 18344 4
2 23379 2
3 25682 2
0 15158 4
0 12126 2
1 2843 4
3 8977 4
0 29921 2
2 6405 2
0 3067 2
1 4773 4
1 15856 4
0 20916 4
0 4827 4
1 16582 4
3 15852 2
0 11204 4
1 32230 2
2 18541 2
3 19871 2
1 3792 4
0 25731 2
3 25043 2
3 1809 4
3 1967 2
3 10076 2
2 29297 2
2 21900 4
3 22650 4
3 91 4
0 7424 2
2 1432 4
3 2188 4
0 4775 2
2 20858 4
1 21759 4
3 29820 4
0 31402 4
1 23831 2
2 713 4
1 24100 2
3 24078 4
1 31312 4
0 24383 2
0 31901 2
3 31674 4
0 24798 4
2 23531 2
3 3135 4
1 15320 4
3 21947 4
3 7062 4
3 24228 4
1 16337 2
3 15135 2
3 584 4
3 27301 4
1 29262 4
1 8323 4
3 17738 2
2 23642 4
1 5944 2
2 21152 2
0 31526 4
1 9501 2
3 23480 2
2 27503 2
3 11172 4
0 2951 4
3 26167 2
3 25130 4
1 24526 2
0 15216 2
3 26206 4
2 6984 4
3 12780 4
2 22003 2
0 9493 2
0 30852 4
2 23944 4
0 358 4
2 5255 4
2 26838 4
0 20330 4
2 31077 4
3 24604 4
1 30840 4
0 13724 2
1 7879 2
3 31868 2
1 24801 4
1 3942 4
3 1958 2
0 14226 4
0 6348 4
2 15697 2
0 3931 2
3 18566 4
3 25649 2
2 4391 4
1 26239 2
0 24512 4
3 25673 2
0 24048 4
0 8938 2
0 14059 2
1 10125 4
3 2038 2
1 20405 4
2 8430 2
1 14775 4
3 5313 2
1 32059 4
0 6643 4
2 13247 2
1 15131 4
2 20755 2
2 22372 2
3 19422 4
2 29452 2
0 5655 4
3 22504 4
2 25997 2
3 1502 2
0 19552 4
0 29545 2
0 8581 4
2 7705 4
0 14662 2
3 27408 4
1 28096 2
2 22406 2
0 30563 4
1 31046 2
0 5494 2
1 20271 2
1 1680 4
2 25013 2
0 20768 4
1 13149 4
0 23525 4
0 324 4
3 22135 4
1 21400 4
3 29117 2
0 24093 4
2 26740 2
0 12457 4
3 22446 4
2 14249 4
2 26449 2
1 3226 4
3 17044 2
3 5776 2
0 24710 2
3 31411 2
2 7302 2
1 23741 4
0 7884 2
2 28542 2
0 5342 2
1 21848 4
1 14876 2
3 20675 4
3 12341 2
3 17610 2
2 10159 2
3 1420 4
3 22627 4
1 30908 4
1 18943 4
3 1569 2
1 27778 2
0 22550 2
3 196 4
0 27659 4
3 20715 2
0 29443 2
0 14583 2
3 532 2
1 32567 2
3 4842 2
3 31953 2
2 21573 4
0 5694 4
1 19062 4
3 971 4
0 16357 4
1 27162 4
0 1422 2
2 17055 2
3 896 2
2 5155 4
0 6493 4
1 31557 4
1 20189 2
0 756 2
3 21578 4
1 19702 2
2 21253 4
2 2660 2
1 3584 4
2 17451 4
2 21058 2
3 29580 2
0 14182 4
3 27293 2
0 12316 4
3 3271 4
1 27302 2
3 22342 2
0 348 2
0 14764 2
0 31529 4
0 15966 4
3 7180 2
1 789 2
3 1432 2
3 350 4
2 10101 4
2 10010 2
3 32733 2
0 16127 4
2 11295 4
1 10517 2
0 18719 2
2 25403 4
0 9171 2
1 24991 4
3 14792 4
0 14153 2
1 2459 4
2 3729 2
2 13185 2
1 29092 4
3 27071 2
2 25347 2
2 12594 4
0 17924 4
1 29129 4
0 5967 2
3 22278 4
2 30050 4
1 129 4
0 30990 2
3 613 4
2 24056 4
1 13809 2
0 31513 4
3 23032 4
0 2878 2
1 865 2
3 17800 4
3 23976 2
0 17900 2
1 15195 4
1 17845 4
0 30365 4
0 9213 4
0 8615 4
0 15928 4
1 1858 2
1 6314 2
2 31566 4
3 22251 4
0 31551 2
0 1130 4
0 7834 2
1 11495 2
1 22396 2
2 17656 2
3 788 2
3 25221 4
3 18980 2
3 17740 4
0 20867 2
1 12125 2
3 15006 4
1 3487 2
0 29683 4
0 28745 2
3 22932 2
2 21354 2
0 9642 2
1 14178 2
0 12528 2
1 2407 4
2 820 2
2 23553 4
2 13273 2
3 28557 4
1 6743 2
3 2750 2
3 20153 2
3 8983 4
0 31262 4
1 21875 4
3 30522 4
0 11901 4
2 17106 2
2 17208 4
0 15427 2
1 6521 2
2 13819 4
2 24680 4
3 22014 4
1 30978 4
0 18018 4
3 20122 4
0 13780 4
2 32595 2
0 10257 4
0 21671 4
1 5742 4
1 3044 4
1 24657 4
0 28330 2
2 2997 4
2 15214 4
3 21930 4
0 24058 2
1 4818 2
0 30698 2
3 24549 4
3 14641 4
2 8750 4
2 2194 2
2 22540 4
1 31783 2
3 14706 4
2 8670 4
2 10343 2
0 6134 4
1 29062 4
1 30086 2
2 23679 2
3 759 2
0 3221 4
3 17030 4
0 12574 4
2 18627 2
2 1543 2
3 25876 2
2 9293 2
2 6706 2
3 8836 2
0 26282 4
3 1364 4
1 23902 2
1 32759 2
1 3586 2
2 1212 2
3 15776 4
1 9608 4
1 28436 4
2 17487 4
1 15248 2
3 5023 2
2 31513 4
2 26390 4
1 15624 2
0 21479 2
0 4235 4
2 8537 2
3 7457 2
3 2375 4
2 2849 2
3 18593 2
0 15412 4
2 32745 2
3 21462 2
2 25528 2
2 4057 4
1 15671 4
1 28898 2
0 15014 2
1 13034 4
3 4056 4
1 5566 2
2 26292 2
2 30080 2
1 8118 4
0 13092 2
1 25196 2
2 27891 2
2 32250 2
3 1803 2
2 6551 4
3 989 2
0 13581 4
2 11438 2
3 31037 4
2 2583 4
2 22681 2
0 11397 4
3 32679 2
2 17593 2
1 5509 2
0 3145 4
1 19551 2
2 32285 2
2 16891 4
0 24307 2
0 12334 2
3 5596 4
1 28004 2
1 21693 4
3 15643 4
0 4303 2
3 28776 2
3 19231 2
2 22130 2
0 10510 2
3 31986 2
1 23762 4
2 16569 4
3 24051 2
3 11818 4
2 29135 2
0 12732 4
3 1047 4
3 6265 4
0 20303 4
1 24705 2
0 21842 4
1 22920 4
0 10188 2
2 5459 2
3 190 4
1 10303 4
3 11006 2
0 14779 2
2 15028 2
2 25801 2
2 5598 4
0 26753 4
1 19660 4
2 10381 2
1 17061 4
3 32174 2
1 9697 2
1 22070 4
2 14540 4
3 9868 4
3 27146 2
1 10667 4
2 15629 2
3 29091 4
1 672 2
2 18455 4
2 24928 4
2 24253 2
3 11837 4
2 20449 2
3 5374 4
3 28386 4
3 4282 2
2 26804 4
2 13408 4
1 13404 2
1 17200 4
2 21367 2
3 6464 4
0 25267 4
2 25592 4
3 31316 2
0 10901 2
1 24241 2
0 9898 4
0 180 2
2 27802 2
0 20062 4
2 25632 2
3 21312 2
2 4295 4
0 10499 4
0 10866 4
0 14306 4
1 1493 4
2 18218 4
0 19706 2
2 24001 2
3 1982 2
1 29340 4
1 29777 2
2 27975 2
3 12217 4
3 30305 2
3 11856 2
3 6173 2
0 1089 2
1 11970 4
0 32271 2
3 10539 2
0 2318 4
1 6473 4
3 27624 4
2 5276 4
0 20250 4
2 25790 4
0 5492 2
2 2008 2
1 1180 2
3 298 4
1 15755 2
3 31112 4
3 1295 2
3 12248 2
1 23623 2
0 14741 4
0 26923 4
1 4942 4
0 12033 4
3 295 4
2 5865 4
1 16215 2
3 18514 4
0 681 4
0 20866 4
0 18684 4
0 8210 4
1 31171 2
3 18799 4
3 22149 2
3 9051 2
2 15197 4
2 11370 4
3 12155 4
2 17542 4
1 17826 2
1 13675 4
1 19624 4
1 2859 4
2 20473 2
0 15531 4
2 26644 2
1 9252 2
3 23308 2
1 18339 2
3 3337 2
3 29066 4
1 16581 4
1 6413 2
1 10255 2
1 6837 4
0 17483 2
1 16609 4
2 5872 2
3 7232 2
2 8712 4
1 11352 4
1 14516 2
2 22529 4
0 8102 4
0 13803 2
1 32164 4
0 9492 4
2 7180 4
1 13651 4
2 30538 4
1 24528 4
1 8036 4
2 3977 2
0 26735 2
2 31183 2
3 27415 2
0 18119 4
2 21787 2
1 2538 2
1 2510 4
0 2693 4
0 4759 4
2 23609 2
3 24434 4
2 18300 2
3 22381 2
3 535 4
3 14636 2
1 14246 2
0 19301 2
3 25114 2
2 23909 2
0 29242 4
0 6025 4
1 18462 2
0 7110 4
1 31667 4
0 30241 2
2 30010 2
2 23863 2
1 21961 2
2 17079 2
1 12232 2
2 13283 4
1 3957 4
1 2579 2
1 21345 2
1 27442 4
1 21744 2
3 6719 4
3 24797 2
3 6092 2
0 32692 4
2 4739 4
3 3670 4
2 10140 4
1 9848 4
1 29544 4
2 22309 4
3 29130 4
2 11575 4
3 11960 2
1 3042 4
2 18110 4
0 21802 2
0 14203 2
2 25191 2
1 35 2
0 19656 2
1 4603 4
1 1485 4
0 4320 2
2 16332 4
2 25536 4
3 9837 2
1 5407 2
1 26413 2
2 916 2
1 2527 2
0 25162 2
0 6438 2
1 2431 4
1 6909 2
3 5896 4
1 22831 2
1 24267 2
0 31199 4
3 11075 2
1 26626 4
1 19968 4
1 3040 2
0 36 2
0 21398 2
3 4839 4
3 2967 4
3 28692 2
1 1830 4
0 27274 2
3 6366 4
3 24253 2
3 23338 4
2 9010 2
0 18637 4
2 18694 4
0 9563 2
0 11367 2
1 13758 4
0 21785 4
1 18611 2
1 9970 2
2 3914 2
0 25183 4
3 17769 2
1 29917 2
1 10826 2
0 6528 2
3 18680 2
0 18800 4
2 4310 4
0 31847 4
1 15896 4
1 14645 4
2 4680 4
1 30268 4
3 23746 2
0 18932 4
3 21304 2
2 27496 2
3 14896 2
2 695 2
1 23937 4
2 18836 4
0 22745 2
0 31686 4
1 12346 2
2 6056 2
3 14456 2
3 28330 2
1 20413 2
0 1487 2
3 26117 4
1 17965 4
0 21922 4
1 32112 4
3 3001 2
1 11864 2
2 195 2
1 12598 4
2 270 4
1 9331 2
1 17721 4
2 11528 2
3 23227 4
3 1799 4
0 23645 2
0 26129 4
0 31419 2
2 9694 4
3 21703 2
1 19128 4
1 8262 4
1 20992 2
0 8785 2
2 21160 4
1 30677 4
0 28087 2
3 11796 2
3 3784 4
3 11042 2
3 31883 2
1 26216 4
1 14658 2
2 28964 4
1 13125 4
3 20199 2
3 17791 4
1 7702 4
2 2031 4
3 4202 2
0 28712 2
2 13168 4
3 16850 2
1 2314 4
1 20263 2
1 28652 2
1 2422 2
3 23583 2
0 24995 2
1 24449 2
1 30884 4
1 579 2
2 8198 4
1 27498 2
1 10854 2
0 22863 2
3 3065 2
3 27167 2
0 19204 4
1 13403 4
0 16484 4
0 12121 2
0 10248 2
2 27585 4
0 370 4
1 7185 4
3 16442 2
3 27930 4
2 19595 4
3 11904 4
0 21412 4
2 19262 2
3 26712 4
2 4640 2
2 29582 4
3 20039 4
1 29890 2
1 12201 2
1 4738 2
3 910 4
1 31473 4
3 15636 4
1 5192 2
3 19884 2
3 32080 2
2 19866 2
1 24041 2
1 29817 4
1 1927 2
3 25013 4
1 26031 4
1 13583 4
3 15998 2
2 30492 4
2 17187 4
1 20935 2
3 28768 2
2 6346 4
1 16140 4
0 8761 4
1 9364 4
2 28407 2
0 25462 2
2 9023 2
0 11204 2
0 20253 2
2 2983 4
1 1778 4
2 12250 2
1 19443 4
1 29739 4
0 17578 2
2 17405 2
2 17780 4
3 19144 4
3 10497 4
1 29847 2
0 30936 2
3 16009 2
3 26064 4
0 22354 4
3 4248 2
0 4023 4
2 8752 2
3 6933 2
1 13421 2
1 8154 2
0 2681 4
3 6154 4
0 6481 2
1 443 2
2 24645 4
2 24474 4
3 4475 2
0 2404 2
2 2669 2
1 19566 4
3 7270 4
3 23582 2
0 9481 4
0 4719 2
3 30410 4
3 113 2
2 4467 4
1 20166 2
2 10913 4
1 28198 2
3 1604 4
1 6108 2
3 7970 2
2 7751 2
2 8021 2
0 3418 4
1 10440 4
3 6940 4
0 28094 2
3 26664 4
2 6475 4
1 4142 4
0 2009 2
1 2673 4
2 20388 2
2 23112 2
1 6462 4
0 3997 2
0 18444 4
1 6000 4
0 29384 4
0 23636 2
3 11261 4
0 14065 2
0 6798 2
0 11905 2
1 25135 4
1 2388 4
0 23529 4
1 11596 4
3 7835 4
0 20576 2
1 22388 2
1 31005 2
2 29306 2
1 20257 4
2 4870 2
1 15263 2
3 23621 2
3 23006 4
2 2489 4
1 14265 4
3 22454 2
2 26144 4
2 15333 2
3 22933 2
2 28101 2
3 6833 4
1 16165 2
3 18077 4
2 17579 4
3 24473 4
2 20047 2
3 28024 4
0 12257 4
3 28193 4
2 22911 4
0 5648 4
1 16416 4
0 24787 4
0 5644 4
2 29070 2
2 21346 2
0 17272 2
3 3729 2
2 10843 4
3 9438 2
2 8984 2
0 13028 4
3 29729 2
2 23823 4
1 7676 4
2 26657 4
0 7111 2
1 8622 4
0 29614 4
0 6303 4
2 6007 4
3 9650 2
2 5367 4
2 17400 4
3 5786 2
1 14678 2
2 13278 4
2 3844 4
0 4568 2
2 23057 4
3 21423 4
0 21470 2
1 23324 2
2 17054 2
1 22768 2
1 12765 4
0 11662 4
1 31478 2
1 6509 2
3 7578 2
1 15767 4
1 26704 2
0 27692 4
2 28912 2
2 18656 4
3 23847 2
3 14712 4
3 31478 2
3 9809 2
0 10546 4
3 2778 4
3 4102 4
2 22037 2
0 10604 4
1 6938 4
0 6584 2
0 4499 2
2 22542 2
3 26177 4
3 9958 2
1 23414 4
1 23695 2
0 14745 2
3 31657 4
3 4005 4
3 7082 2
2 17322 2
3 8538 2
2 29515 4
1 18262 2
3 9278 4
3 30353 2
0 17615 2
0 28366 2
3 31837 2
1 16168 4
2 19420 4
0 3723 4
2 32337 4
1 13368 4
0 26969 2
0 8260 4
3 32162 2
0 5145 4
0 10096 2
3 10996 4
2 32538 4
3 12901 4
2 18826 2
3 21203 2
0 18625 2
0 2037 4
0 23632 2
1 26970 2
2 29152 2
3 17122 2
2 17836 4
2 32066 4
1 29441 4
2 22148 2
2 21701 2
2 27268 2
2 13805 2
1 2933 4
1 20997 2
0 27226 4
2 9644 4
1 3981 4
3 3861 2
3 9020 2
3 16007 4
3 1511 2
2 30430 2
1 14563 4
0 7688 4
1 5850 4
2 7560 4
3 23624 2
3 4855 2
3 32767 2
1 20606 2
1 23461 2
2 11614 2
3 9265 2
3 9832 4
2 12913 4
1 20101 4
1 7047 2
2 3887 4
1 6503 4
0 14581 2
2 17243 2
3 25595 4
0 5759 4
2 8312 4
3 20037 4
2 30519 4
0 3315 2
3 14871 2
2 21536 2
1 9355 2
2 19770 2
0 19482 4
3 25091 2
0 24799 4
3 9487 2
2 15882 2
0 2631 2
1 19038 2
3 28522 4
2 10417 2
0 29831 2
1 14447 2
1 9348 4
1 26135 4
2 28058 4
0 19388 2
0 27094 4
0 8582 4
3 30617 2
3 32303 4
2 8729 2
1 26502 4
3 23007 2
1 13039 2
0 32071 2
3 13793 4
3 12547 2
0 18022 4
2 2200 4
1 2975 4
0 32479 2
0 7742 4
3 16005 2
2 30985 2
0 14988 4
0 14686 4
2 5831 4
1 12202 2
3 24674 2
1 16368 4
1 5720 2
2 4680 4
2 507 2
2 4957 2
1 24432 4
1 17646 4
3 22064 2
1 24142 4
3 16776 2
1 15588 2
2 18713 2
2 9388 4
3 18777 4
2 20660 4
0 3088 4
3 21408 2
0 20700 4
1 18470 2
3 9646 2
0 20883 4
1 3915 2
3 27716 4
3 459 4
0 3630 4
0 10525 2
2 5974 4
2 386 4
0 4697 2
2 16397 2
1 17638 2
3 2857 4
3 4159 4
0 787 2
2 8636 2
1 6748 2
3 29512 4
2 15977 2
3 7138 2
1 20466 4
0 28700 2
3 27526 2
3 29344 2
2 517 2
1 5286 4
2 16677 2
1 18047 2
3 19438 2
3 22542 4
1 17214 4
0 10569 4
1 7750 2
0 10940 4
1 21258 4
3 11782 4
3 20197 4
1 1627 2
2 16130 2
2 30976 2
0 10469 2
2 32210 2
3 21216 2
2 20415 2
1 31902 2
1 19787 2
3 26524 4
0 10509 4
1 12202 4
2 27184 2
1 29551 2
1 15602 2
3 19682 2
3 4904 4
0 6610 4
2 5304 4
0 5215 2
1 24605 2
1 15230 2
0 6887 2
3 2937 4
0 21048 2
3 1645 2
0 11081 2
3 3274 2
2 25571 2
2 1495 4
0 8934 4
0 22571 2
3 6341 2
2 12853 2
3 28679 4
0 8885 2
1 3528 4
1 320 2
0 8758 4
3 9920 4
0 2325 4
0 30193 2
2 31291 4
2 13286 2
2 2581 4
0 12418 4
0 31264 4
3 16127 4
0 22896 2
1 32363 4
2 29997 4
2 29221 4
2 6417 4
2 27237 4
1 8172 2
0 15537 4
2 21536 4
2 19561 4
1 8229 2
3 25404 4
0 3846 2
3 22960 4
1 7394 4
3 3998 2
2 22380 4
2 13492 2
2 20075 2
1 24817 4
0 21562 4
0 32045 2
3 3657 4
2 31630 4
0 21915 2
2 24596 4
2 26438 2
0 6414 4
3 25846 4
0 10146 4
0 9579 4
3 6217 2
1 21750 4
0 19280 2
3 26112 2
1 3417 2
0 20866 2
3 32728 4
2 10126 2
2 20886 2
0 28613 4
2 18226 2
0 23007 2
3 5019 4
3 15910 4
2 151 4
0 28155 4
2 26431 4
2 21584 4
0 30848 2
1 26156 4
2 21915 4
1 25386 4
0 30886 4
3 26106 4
3 27914 2
2 17630 2
0 22531 4
2 16942 2
3 20771 4
1 3285 4
1 2767 2
1 4306 2
1 19136 4
0 6072 2
0 12931 2
0 14639 4
1 22521 4
3 7025 4
2 11736 2
0 973 4
1 15401 4
0 14119 2
0 10440 2
3 10869 2
1 4070 2
0 836 4
2 11402 4
0 26673 4
2 20748 4
3 8561 2
2 12185 2
1 2377 2
1 29362 2
3 19607 4
1 9645 2
0 31559 4
0 27954 4
0 26846 4
0 4031 2
0 23795 2
3 20005 4
0 5041 4
0 3081 2
0 3671 2
0 18532 4
3 13240 4
1 26115 4
3 16571 2
2 17415 2
3 2268 2
2 9829 2
0 1705 4
1 28264 2
1 15429 4
2 9003 4
3 25577 4
3 18975 2
1 28766 2
3 3979 4
1 23940 4
3 16134 2
1 20687 2
2 3071 2
3 2500 2
1 10806 2
1 8832 2
3 13889 4
2 8242 2
2 28168 2
3 21404 2
1 14665 2
3 2453 2
0 532 4
0 2954 2
3 23888 2
3 28665 4
3 820 4
0 15092 2
3 6095 4
3 20132 2
1 17281 4
1 11204 2
2 7040 2
0 546 2
1 23124 2
3 4385 2
1 26714 2
0 22585 2
3 13381 2
0 6005 2
1 23448 2
2 8180 2
1 9006 2
0 29802 4
2 16306 2
1 14748 2
2 28199 2
1 30439 2
2 23650 4
0 9913 4
2 24971 2
0 5910 4
2 1695 2
2 6676 4
2 24305 2
1 1632 4
3 12452 2
3 1975 4
0 27954 4
1 16238 4
2 31209 2
0 13547 4
0 18537 2
3 5673 2
0 16167 2
2 18488 2
3 29165 2
2 18362 2
1 10839 4
2 22887 4
3 16472 2
3 2698 2
3 17075 4
1 386 4
0 28546 4
0 7746 4
3 31923 2
0 27345 2
3 12421 2
2 23498 4
2 18960 4
0 24797 2
2 14778 4
1 17741 4
1 10691 2
3 24689 4
1 22202 4
3 5683 2
1 14341 4
0 10131 2
2 30813 4
0 21284 4
2 15952 2
2 17806 4
0 17597 4
2 23051 2
2 17243 4
0 10987 2
2 10035 2
1 29200 4
2 6945 4
1 14705 4
1 24663 4
3 23451 2
3 30426 2
1 21548 2
0 5635 4
1 24663 2
2 29952 2
1 28515 2
2 25424 4
3 25387 4
3 12618 4
1 8351 2
3 26775 4
3 28737 2
1 21683 4
0 11946 2
1 23408 2
1 19715 4
3 9587 4
2 8588 4
0 5813 4
3 2072 4
3 5891 4
1 21134 2
1 10879 4
2 2410 4
2 23069 4
0 31803 2
2 27686 4
2 8738 2
0 27832 4
1 19033 2
3 1604 4
1 7338 4
0 10767 4
1 27123 4
1 2226 2
3 19625 2
1 23194 2
2 6481 2
2 30856 4
2 7945 2
1 17426 2
3 14333 2
2 24608 4
2 10739 4
1 14704 4
3 22208 2
2 24339 2
1 15568 2
2 10990 2
2 18337 2
0 14906 4
0 28744 4
1 13828 4
0 11756 2
0 27565 4
3 13894 2
2 13675 2
0 3623 4
3 12998 4
0 27122 4
0 20764 4
2 24094 4
2 9246 2
3 24501 4
2 3664 2
3 5335 2
3 14733 2
2 30008 4
2 24449 2
0 15005 2
3 25133 2
2 8547 2
0 13415 4
2 30969 2
1 4695 4
3 1121 2
3 2555 4
3 10931 2
0 21412 2
2 30617 2
2 31350 2
2 27604 2
0 21740 4
1 7606 4
0 19794 2
1 10662 4
3 31305 4
1 29343 4
0 1862 2
2 12977 4
1 27923 4
3 23423 4
0 31309 2
0 18111 2
3 11237 2
3 14013 2
1 21919 2
2 9944 4
3 6806 4
2 27652 4
3 13749 2
3 9542 2
0 4671 2
2 31803 4
1 13385 2
2 13713 4
2 28987 2
0 4492 2
2 30802 4
3 31875 2
3 11041 2
0 3936 2
0 17931 4
3 24612 4
2 22731 4
0 8800 4
0 3820 2
3 6077 4
3 18513 4
0 20598 2
2 430 2
0 15320 2
0 3341 4
2 2249 2
1 6731 2
3 22078 2
0 3992 2
3 13251 2
0 12795 2
2 29175 2
3 7627 4
3 17165 2
2 3894 2
0 11084 2
3 31422 4
0 16784 2
2 30135 4
3 16327 2
3 28363 2
2 25460 4
1 13943 2
1 7728 4
3 22411 4
3 5668 2
2 16301 4
1 30353 4
1 14294 4
3 4168 4
1 11476 4
2 18994 2
0 18375 4
1 25033 4
2 22180 2
0 31644 4
3 1204 2
3 975 4
3 25366 2
3 24217 2
3 16697 2
0 26821 4
1 21859 2
2 18482 4
0 13613 2
1 3155 2
1 7685 2
1 7855 2
3 3498 4
2 865 4
0 10931 2
1 27033 4
1 32009 4
1 3098 4
2 30312 2
3 25018 4
0 19170 2
3 7653 4
1 6492 2
0 282 2
0 25615 4
0 31084 4
3 22792 4
2 4867 2
3 27305 2
2 14489 4
3 14374 4
0 17405 2
0 17928 4
1 24211 2
2 1710 2
0 12754 2
2 12999 4
3 26564 2
3 29145 2
0 31626 2
2 21181 2
0 22998 4
1 5152 2
3 20847 4
0 15619 2
2 21424 4
3 1340 2
0 1289 4
1 3571 2
2 7548 4
0 27175 2
3 6433 2
2 30502 4
0 14499 2
2 1304 2
1 20929 2
1 20341 4
2 28622 4
1 17802 2
3 17457 4
2 8952 4
0 26342 4
0 22581 4
1 26363 2
2 17162 2
0 11028 2
2 14099 4
3 8679 4
3 22081 4
2 17089 4
2 14683 2
3 24063 2
1 26745 4
0 15766 4
3 9096 2
3 5515 2
1 31433 2
3 17531 2
3 14162 2
0 25621 4
1 5003 4
3 10651 4
2 17330 2
3 5733 4
1 20056 4
2 30814 4
3 13537 2
2 14981 4
2 27656 4
0 1389 4
1 9305 2
0 12221 4
2 25269 2
3 32432 4
3 26834 2
0 13974 4
1 28088 2
3 31570 2
0 9797 2
2 218 2
0 7593 2
3 3002 4
2 24043 4
2 16785 2
1 26722 4
1 18835 2
1 32317 2
3 15621 4
0 14588 4
0 26564 2
0 29429 2
1 22718 4
2 32720 4
1 17015 2
2 13578 4
1 11142 2
1 17014 4
1 28438 2
1 23223 2
0 3429 4
1 11208 4
0 19528 4
2 10100 4
3 10149 2
3 7134 4
3 4599 2
2 7163 2
3 1230 4
1 14355 4
0 24908 2
2 1603 4
2 8362 4
3 31486 2
0 21681 2
2 4487 2
3 30785 2
2 17529 2
3 4045 2
1 22079 2
0 6620 2
0 27036 2
3 20362 4
2 27172 4
3 13573 2
1 17601 2
0 31249 2
3 28720 4
0 10884 2
2 17793 4
0 11979 4
1 10394 4
3 7267 2
1 181 2
0 22113 4
0 221 4
3 32234 2
2 16501 2
0 12987 4
3 9137 4
0 9123 2
2 5147 2
2 28420 4
1 2319 4
3 21334 4
2 24640 2
2 12196 2
0 1585 4
1 21517 2
0 28348 2
2 8772 4
1 23950 4
3 32272 4
1 32425 4
3 3532 4
1 20193 2
2 19176 4
0 21600 2
1 25191 2
0 10018 2
3 25951 4
0 18809 2
1 18812 4
1 20618 4
3 14718 2
1 23758 4
2 13750 4
3 25235 2
0 1165 4
1 17016 2
2 29436 2
0 12788 2
1 25877 4
0 29648 4
1 13945 4
1 24744 2
1 27360 4
3 16238 2
2 11924 4
3 28135 2
3 9974 2
3 22828 4
2 4856 4
2 17962 2
2 15265 2
2 27171 4
3 13452 2
1 21291 4
2 27753 2
0 8363 2
2 3450 2
3 3042 4
0 11799 4
3 16479 4
3 20779 4
2 1159 2
1 14005 4
3 12821 2
0 31817 4
3 32405 2
2 3468 4
1 5097 2
2 25787 4
3 30917 4
0 6948 2
3 18738 4
1 18859 4
2 16142 4
0 14662 4
0 2698 4
2 25474 4
3 31403 4
3 17148 2
0 30154 4
3 29673 2
1 16916 4
2 9358 4
1 7690 2
1 21961 4
2 10498 4
3 27526 2
2 7076 2
0 3402 4
3 20590 2
1 22188 4
3 7217 2
2 22487 4
0 30353 2
3 26122 4
1 29321 4
0 15384 4
0 1765 4
1 27368 4
2 9926 2
2 6646 2
2 10786 4
3 6096 2
2 1601 4
1 15001 4
1 22081 2
0 4234 2
3 13203 4
3 24684 2
0 24187 4
0 31263 2
1 13972 4
1 22295 2
0 842 2
0 2777 2
1 3166 2
0 898 2
0 613 4
1 6721 2
0 14154 4
0 29656 4
3 9927 2
0 12574 4
0 20208 2
2 28544 2
0 22696 4
2 6524 2
1 4138 2
0 1829 4
2 11650 4
0 28322 4
0 27921 2
3 9390 2
3 30732 2
0 11545 4
3 7421 4
3 6981 2
0 22593 2
1 17066 2
2 11400 2
2 14163 4
1 19289 4
2 7775 4
3 3467 4
0 20098 4
1 15309 4
2 16513 4
1 10015 4
3 20409 2
3 4438 4
0 19096 2
0 26012 4
0 21282 4
1 16622 4
3 3950 2
2 19100 2
3 10790 4
0 23756 4
2 8970 4
2 31992 4
2 28526 4
1 9323 2
1 27320 2
0 22728 2
1 5859 2
0 5252 2
1 11519 4
1 32614 2
2 32174 2
0 30478 4
3 8616 2
3 26475 2
1 31288 2
0 29507 4
0 445 2
2 27824 2
0 27690 4
2 7581 2
1 6022 4
3 24653 4
0 19564 4
3 2004 2
0 20108 4
0 6300 4
1 15657 4
0 20705 2
0 17306 2
1 309 2
1 6601 2
1 13566 2
3 21686 2
3 10995 2
0 1781 4
1 7586 2
3 12587 2
0 23533 2
0 661 2
3 12680 4
0 27010 4
0 8060 2
2 29652 2
1 25768 2
2 32642 2
0 22075 4
2 15129 2
0 2107 4
0 30263 4
2 17921 2
1 16911 2
1 23226 4
2 25064 4
2 10728 2
2 2973 4
0 6111 4
1 30750 4
1 16968 4
3 17389 2
3 2210 4
2 8099 4
1 25788 4
0 20585 2
0 4924 2
2 127 2
2 3099 4
0 24504 4
2 19238 4
2 5115 4
1 26750 2
0 31172 2
3 281 4
3 13474 4
0 28480 2
2 4022 2
3 21263 4
2 11834 4
3 27384 2
3 3064 4
1 15423 4
1 19918 2
3 2943 4
3 25137 2
0 9508 2
3 29094 4
2 30192 2
0 8011 2
2 29559 2
3 6476 4
0 21666 2
3 31087 2
0 6703 4
0 30089 2
2 26415 2
0 24582 2
3 10631 2
1 30821 4
2 4719 2
0 3001 4
0 24310 4
2 25897 4
3 28797 4
1 3696 2
3 13623 4
3 24670 2
1 24752 2
0 25430 4
2 29763 4
3 32719 2
2 6049 4
1 32467 4
3 16721 2
2 23170 4
1 12075 4
2 24208 4
0 11996 4
1 6338 4
2 13925 4
0 6517 2
1 19611 2
2 1048 4
3 16809 2
3 28589 2
2 14217 2
0 5964 4
0 31375 4
1 23200 2
3 10719 2
1 3687 4
2 12273 4
2 7414 4
3 2836 2
2 30387 2
3 26088 2
0 21146 4
1 32739 4
1 16056 2
3 26061 4
3 179 4
3 31299 4
1 17984 4
3 20024 4
1 9643 2
1 18800 4
1 28243 2
0 8963 2
2 18732 4
2 10720 2
1 10555 4
0 23879 4
0 3101 4
1 21837 2
2 2688 2
3 31580 4
0 14504 2
1 4785 2
0 22252 4
3 4316 4
2 21046 2
1 17988 4
2 5255 2
0 22176 2
0 9585 4
2 383 2
0 6810 2
3 15041 4
3 22592 2
3 4891 2
3 8623 4
1 28823 2
3 31181 4
0 5905 4
1 21391 4
0 188 2
1 4737 2
1 1691 2
1 23362 4
0 22792 2
3 13317 2
0 18481 4
1 29969 4
3 23702 2
2 2370 2
2 16268 2
2 32390 4
1 29629 2
2 26208 4
0 23973 2
2 1641 2
3 7191 4
1 22730 2
3 12470 4
1 23748 2
2 30844 4
0 14120 4
3 29750 4
3 8927 4
0 24838 2
3 12643 4
3 8416 2
3 23363 4
1 29454 4
3 24739 4
2 31916 2
1 31162 4
3 8492 2
3 22355 4
2 10964 4
1 29517 4
2 17211 4
1 12571 2
0 15311 2
2 20036 4
3 9810 4
1 8931 4
0 15704 4
0 12840 2
3 7370 4
2 2774 4
1 19047 2
1 30659 2
0 3646 4
1 91 4
2 6965 2
0 14621 4
2 1925 2
0 25629 4
1 5435 4
3 24960 4
2 19129 4
0 28675 4
3 23347 4
3 15732 4
2 24370 4
1 18231 2
1 23828 2
2 2755 4
2 8586 4
1 1570 2
0 26649 2
3 2165 4
0 21402 4
0 21102 4
0 14010 4
1 1748 4
3 11387 2
0 27394 4
3 177 2
3 30568 2
2 26757 4
2 14344 4
3 2805 4
0 31994 2
2 22866 2
2 23273 2
2 14273 2
0 31636 4
3 30139 4
2 15950 4
0 5773 2
0 10366 2
2 27096 4
2 9760 4
1 29714 4
1 6722 4
0 9987 2
0 16264 2
1 27209 2
0 22696 2
3 29653 2
0 12527 4
3 28780 2
2 27834 4
3 31782 2
0 10750 4
2 27378 2
0 28864 4
1 24849 2
1 29597 2
3 15254 4
3 8260 2
3 18669 2
3 32759 4
1 20816 4
1 26638 2
1 28499 4
0 31348 4
0 14426 4
1 30248 2
0 13597 2
0 22461 4
0 10795 4
2 18906 2
2 12388 4
1 26042 4
3 7550 4
3 17325 2
3 15489 4
0 23446 2
2 22091 2
3 13675 4
0 2573 4
1 27064 4
2 30155 2
2 29212 4
3 12000 2
1 18891 2
0 2680 4
0 24074 2
0 13844 4
3 20150 2
1 8201 2
0 32445 2
0 12289 2
1 29859 2
1 20345 4
2 2815 4
1 16961 2
3 28924 4
2 20224 4
3 31448 2
3 14253 2
0 17000 4
1 535 2
0 6034 4
3 4190 4
1 16593 4
3 2423 4
3 2997 2
3 4524 2
0 11616 2
1 21274 4
3 29451 2
3 22065 4
2 17023 2
3 10808 2
2 27292 4
0 24006 4
3 17365 2
3 18250 2
2 8369 4
0 7556 4
1 3660 4
3 24585 4
2 25812 4
3 4035 2
1 10253 2
2 14190 4
1 14285 4
2 17437 2
3 20609 4
1 11699 2
3 23462 4
2 28522 2
0 4177 4
3 20560 2
0 25511 4
1 31684 4
3 18789 4
3 27134 2
3 17498 4
0 6276 2
2 18152 4
0 4790 4
0 25479 2
2 19011 2
1 19778 2
1 16305 2
0 10296 4
2 31449 4
2 10780 4
0 21353 4
0 2741 2
0 2401 2
1 17502 4
2 11670 4
1 9351 2
2 23089 2
1 11315 2
3 15153 2
0 16504 2
0 26341 2
0 11011 4
2 1651 2
3 27281 4
3 20052 2
2 21366 4
2 18133 4
1 26 2
1 25752 4
1 4471 2
1 28945 2
1 16284 2
1 17162 2
1 14893 4
0 18207 4
2 22753 4
3 22594 2
0 7170 4
0 26680 2
3 31985 4
1 30746 2
2 3744 4
1 24789 2
3 28182 4
2 27563 2
2 750 2
2 15023 4
1 4056 4
2 333 4
2 4886 2
2 3264 2
1 30464 4
3 7322 2
2 4737 4
3 2880 2
0 31128 2
1 18027 2
0 7641 4
2 6056 4
3 16105 2
1 15576 2
0 11013 4
0 20657 4
3 20347 4
0 828 2
1 6447 4
1 8789 4
1 9495 2
0 29230 4
0 16576 4
3 21963 4
2 15047 2
1 18311 2
0 865 2
0 8590 4
0 7379 2
1 13921 4
3 23547 2
3 14678 4
2 30917 4
0 30486 4
1 28342 4
2 24092 4
3 11621 2
3 22332 4
0 6397 4
1 28186 2
2 23229 2
3 18863 2
0 376 4
3 29896 2
2 29205 4
2 30342 4
0 10256 2
3 15071 4
2 17911 4
0 19227 4
2 30189 4
3 22104 2
1 6699 4
3 2566 2
2 19834 4
0 14956 2
3 13242 4
2 23330 4
2 6751 2
3 18324 4
1 26862 4
1 23429 4
2 24964 2
1 23434 2
0 12624 4
2 11659 4
0 20756 4
2 24902 2
1 13735 2
0 2251 2
0 20598 2
1 24833 4
1 24575 2
3 18976 2
0 4181 4
1 4148 2
2 27551 4
0 928 2
1 6808 2
0 24985 2
3 29968 2
1 3239 4
3 25193 2
2 5415 4
2 2587 4
2 4556 4
0 21553 4
2 18457 4
1 14795 2
1 9449 4
1 26010 4
0 1255 4
3 9318 2
1 19734 2
2 9611 2
0 21323 4
3 2935 4
1 5806 4
0 19502 4
0 18492 4
1 25031 4
2 9032 4
1 19180 4
1 5621 4
2 23389 2
3 14781 2
2 23662 4
0 7150 4
2 32133 4
0 22056 4
3 5277 2
1 30432 4
0 11974 2
3 14816 4
2 28834 2
3 4292 2
0 18153 4
3 31615 4
0 26342 2
1 12500 2
0 7928 4
0 5853 2
1 30482 4
1 2952 4
3 8507 4
3 32020 2
2 14862 4
0 21145 2
3 22844 2
2 9341 2
1 29189 4
3 17664 4
1 963 4
1 6321 4
3 6751 2
2 16118 2
3 7897 4
1 2696 2
0 30661 4
0 18933 4
0 31176 4
0 24604 2
2 10271 2
0 11444 2
3 17689 4
2 17606 4
2 12952 2
0 31534 2
0 8852 4
0 14622 2
0 6039 2
1 9883 4
3 13634 2
0 8959 2
2 24775 2
3 3445 4
3 12653 2
2 23935 2
0 12559 4
1 2931 2
0 27805 4
3 18682 2
0 21657 2
2 2448 2
3 28060 2
1 23303 4
2 20687 2
0 3588 2
1 31858 4
0 11904 2
0 29784 4
0 19528 2
3 12904 2
1 4990 4
3 26398 2
3 13590 2
2 2569 2
2 8025 2
3 14922 2
2 1637 4
0 28443 2
3 15531 2
1 30790 4
1 23408 4
0 20137 4
1 15181 4
0 13497 2
3 15535 4
0 9980 2
1 24663 2
2 7309 2
3 12251 2
2 6043 2
1 30244 4
3 1515 2
3 18414 4
2 29010 4
2 23626 4
2 60 2
0 13599 4
0 17960 2
3 6053 2
0 25641 4
2 21737 2
3 31078 2
3 25164 2
0 25498 2
0 16900 4
3 20374 4
2 15257 4
0 6586 4
1 25705 2
1 32384 4
2 30757 4
0 6897 4
3 338 4
2 15661 2
3 20936 4
3 1256 4
3 19254 4
3 21479 2
2 30620 4
2 3719 2
2 29136 2
1 11319 2
1 7674 2
3 6137 2
1 12824 2
1 24805 2
0 3707 2
3 15014 2
0 26183 4
0 19962 2
0 14327 2
2 22838 4
1 5591 4
0 8384 4
2 16008 2
2 12180 4
1 1407 4
0 26559 4
0 2950 2
3 25319 4
1 18234 4
3 8897 2
3 23948 2
3 4505 2
2 19008 4
0 21198 2
2 22641 2
3 25428 4
1 27402 4
2 2608 2
0 5454 4
3 6399 4
2 850 4
1 31855 2
1 12926 4
0 7364 2
3 31247 2
2 3669 2
3 25496 4
1 4620 4
1 21372 2
2 26090 4
2 374 2
1 25985 4
1 16657 4
2 31351 4
3 6704 2
1 23818 2
0 12679 2
3 9350 2
3 288 2
3 10193 4
3 24792 4
2 11744 2
0 24287 4
0 28223 2
2 26684 4
0 24973 2
2 16710 2
0 25085 2
3 20011 4
2 7126 2
3 11117 2
0 19956 4
3 5728 2
2 23109 2
3 9646 4
3 9804 4
3 20948 4
3 19362 4
3 19874 2
0 6256 2
0 11966 2
0 24567 4
0 26145 2
0 6920 4
2 2201 2
0 22668 2
0 26438 2
1 32253 4
0 30749 2
2 22506 2
3 3687 4
0 31351 4
1 25411 4
2 29147 2
3 28192 4
1 17121 2
3 3396 4
1 15208 2
3 32328 4
2 4835 2
3 9882 4
0 23257 2
2 11257 2
3 16229 4
1 23804 4
0 6071 4
1 27020 2
2 18066 4
0 27493 4
2 27340 4
0 16025 2
3 24529 4
3 10765 2
3 3616 2
0 22522 4
1 3021 4
0 7790 2
0 3325 2
2 6088 2
2 9325 2
0 2879 2
3 21483 2
0 9564 2
1 27867 2
0 123 4
3 16564 2
2 32078 2
3 8576 2
0 27482 2
2 12896 2
1 376 4
1 2054 4
3 9813 4
2 6457 2
3 2290 4
3 32596 4
0 2341 4
3 1735 4
0 28694 2
2 3988 4
1 30916 4
1 15827 4
2 10365 2
0 31279 2
3 30569 2
3 16999 2
0 18688 2
2 18894 4
3 13455 4
1 27083 4
1 7608 2
0 25178 4
2 7406 2
0 27273 2
2 14333 4
0 4348 2
0 27264 2
1 27753 4
2 32360 2
3 7197 4
3 13436 4
1 6261 2
1 15572 2
1 21350 4
0 32605 4
1 10485 2
1 13400 4
3 8127 2
0 19675 4
3 31091 4
1 11086 2
3 4947 4
0 11247 4
2 5815 4
1 32079 2
2 31114 4
1 18642 4
0 20171 4
2 11059 4
1 26381 4
3 31998 4
3 16631 4
2 27412 4
0 18884 4
0 24363 4
2 28100 4
1 14411 4
0 30938 2
1 21330 2
0 18172 4
0 25456 4
3 17590 4
3 6828 2
1 16295 2
1 8797 4
2 1795 2
3 25522 4
2 23567 2
0 8235 2
1 12968 2
1 23070 4
0 16828 4
2 3379 2
2 25551 2
0 14055 2
0 18296 2
1 12045 4
1 28642 4
3 20552 4
3 1355 4
1 28819 2
0 30088 4
0 10682 2
2 25727 2
3 29150 2
0 27819 4
0 1012 4
2 12188 4
1 6214 4
1 13940 2
3 27888 2
0 8812 4
2 7781 2
0 11597 2
0 20456 4
2 31223 2
2 9236 2
0 13533 2
2 1364 4
3 1158 2
3 15979 2
0 18958 4
3 25325 2
2 12707 2
0 1988 4
1 4873 2
0 19373 2
2 8726 2
2 12216 2
1 28471 4
2 16331 2
2 14313 2
0 2848 4
1 1857 4
2 27842 2
2 9828 2
1 9236 4
1 23823 4
0 15690 2
2 529 2
1 18926 4
3 23500 4
3 26972 2
1 20664 4
2 8519 4
3 26592 2
2 1586 2
3 6499 4
0 13303 2
3 28404 4
3 5699 4
1 29786 4
0 280 4
3 30704 4
2 6474 4
1 6950 4
0 3331 4
1 13055 2
2 7231 2
2 30865 4
0 29008 4
2 2441 4
2 18779 2
2 14500 2
1 27866 2
2 11830 4
1 30744 4
2 22695 4
0 29623 2
3 11505 2
2 15661 2
0 14115 2
3 16195 2
1 31457 4
3 31381 4
3 9186 2
2 24085 4
2 1648 4
0 28552 2
2 28652 2
3 17415 4
3 18248 4
0 18560 4
1 32139 2
2 23090 4
0 20048 2
2 12084 2
0 20551 2
0 3822 4
3 21938 2
1 23199 2
2 7401 2
3 26070 4
0 20695 2
0 7928 4
3 22907 4
2 1984 4
1 31849 4
1 32187 4
0 19782 4
1 21192 4
2 28239 4
0 13726 2
2 8402 2
2 27205 4
1 9651 4
0 21147 4
2 28136 4
0 18129 2
3 6910 2
0 15852 2
2 20370 4
3 17989 4
0 20441 2
2 19977 4
1 29208 4
1 15289 4
2 24365 2
0 22187 4
1 8964 2
1 32647 4
1 3362 4
0 14539 4
0 24862 4
3 32584 4
3 22307 4
2 29346 4
1 27760 2
1 19924 2
0 984 4
2 12202 2
3 22082 2
2 13125 4
2 13098 2
0 22683 2
2 4382 2
2 15604 2
2 28225 4
2 9070 4
3 204 2
2 19834 2
0 14216 4
1 9052 2
2 2645 2
0 11439 2
2 6823 2
2 22751 4
2 9219 2
0 6061 4
0 15494 4
2 16815 2
3 25951 2
0 20685 2
0 27472 4
1 26820 4
2 5937 4
0 12199 4
3 11884 2
1 30298 2
1 17282 4
1 12565 4
1 22149 4
3 16359 2
3 17820 2
0 1840 4
3 3458 4
0 22565 4
2 23047 4
3 10576 2
0 26253 2
1 7950 4
0 11916 2
2 25616 4
2 28175 4
3 20954 2
0 29238 4
2 26950 2
1 14770 4
2 6914 4
1 25931 4
1 24590 2
0 30813 2
1 8767 2
2 26966 2
3 29887 2
0 570 4
3 7307 4
2 4384 2
2 26867 2
0 26802 4
2 23582 2
1 12465 4
1 9091 2
2 1646 4
2 24688 4
0 27986 4
3 16519 4
2 3927 2
2 26173 4
0 19853 4
1 8537 4
2 8342 2
1 30587 2
2 18730 2
2 31890 2
2 20628 2
2 31588 2
3 22835 2
1 28171 4
1 16122 4
0 18034 4
0 2032 2
3 1756 2
0 9392 4
1 10845 2
2 235 4
3 23903 4
2 25569 4
1 1566 4
3 8428 2
1 7468 4
1 6133 2
3 21999 4
2 1532 2
3 5918 4
1 9621 4
2 17223 4
2 8037 4
0 20812 4
1 19113 2
1 13537 2
2 15792 2
0 5904 2
2 11868 2
3 24245 4
1 8869 2
0 2306 4
2 28949 2
1 20988 4
3 4429 4
2 11516 4
2 15487 2
2 3375 2
0 24050 4
2 32279 4
2 21377 4
2 3080 2
3 32284 2
1 31915 2
0 8773 2
1 22399 2
0 6293 2
0 15955 2
0 20021 2
1 5581 2
0 5477 2
1 32230 2
0 17912 4
3 6763 2
0 11734 4
1 11133 4
1 20856 2
0 30226 2
2 31856 4
3 31859 4
3 8670 2
1 1724 2
1 3324 4
2 31583 4
0 24980 4
2 1953 2
3 27780 2
3 6170 2
0 17473 2
2 8505 4
2 14673 2
1 14271 4
1 5839 2
0 31040 4
1 13034 4
3 17573 4
3 20327 2
2 17068 2
3 18971 2
1 15974 2
0 7538 2
1 19896 4
3 12523 4
1 18906 4
1 31129 4
1 6107 2
0 27299 4
3 16668 4
2 13764 2
1 23504 4
2 23501 2
0 17283 4
1 3358 4
0 8592 2
2 23089 2
2 17832 2
2 13327 4
0 20050 4
1 15576 4
1 8550 2
3 26688 4
2 13457 2
0 27660 4
2 9684 2
0 153 2
3 9220 2
0 29014 4
3 10060 4
3 32069 4
3 31142 4
2 1918 4
3 3942 2
1 6060 2
1 12208 4
0 10893 4
2 27900 4
2 21110 4
0 28057 4
1 10189 2
2 1063 4
0 2446 4
2 6172 2
3 11718 2
2 24128 4
3 539 2
0 24881 4
0 23618 4
2 23007 2
1 31367 2
3 22545 2
0 21577 4
0 15070 4
3 14972 4
3 31029 4
3 18469 4
0 14934 2
1 8929 4
3 15958 4
0 2910 4
3 5791 2
1 15840 2
2 11886 2
3 8894 4
2 9043 2
3 20194 4
2 28085 2
1 21581 2
3 22859 4
1 25233 4
0 19876 4
3 14164 2
2 26272 2
3 24276 2
1 23796 4
2 17501 4
1 16042 4
3 4821 4
1 30622 2
3 25905 4
0 10755 4
2 18173 4
3 22236 4
3 1240 4
0 22147 4
0 19701 2
2 8486 2
0 8091 4
2 26437 4
3 4006 4
0 31285 4
1 21252 4
0 1184 2
3 9016 4
2 4866 4
1 28123 2
2 27694 4
2 21782 2
0 14791 2
3 42 2
2 199 4
0 15336 4
1 27131 2
2 27449 4
0 23173 4
3 18327 4
0 23641 4
1 29073 4
1 22209 2
0 20811 4
3 5849 4
3 18172 2
2 10260 4
3 11119 2
3 31925 4
0 8323 4
1 26198 2
2 12715 2
1 24164 4
1 17518 4
2 7841 4
1 22759 2
2 2465 4
3 6726 2
3 25421 2
2 16206 4
2 22884 4
3 15061 4
3 23541 2
2 15431 4
0 17894 4
2 35 4
2 21872 4
1 28797 4
3 29856 2
2 5498 4
2 20952 2
1 21975 2
1 18508 2
2 1890 2
2 6277 2
2 20351 2
3 28897 4
0 21413 4
2 17937 4
2 14815 2
1 31642 4
2 31051 4
3 23637 2
1 31390 4
2 25327 2
3 2206 4
3 21098 2
1 4262 4
1 7834 4
2 13094 4
2 9384 2
3 9248 2
0 13202 2
3 23468 2
1 25769 4
3 5749 4
0 17426 4
2 9786 4
2 18758 4
2 4686 4
2 8082 4
2 2072 2
1 16023 4
3 7060 4
2 21195 2
3 22480 4
0 30198 2
1 8048 4
3 14262 2
2 23851 2
2 30204 4
1 1099 4
0 1421 4
0 24880 4
2 10881 4
1 14798 4
3 24775 4
3 15914 4
1 29856 4
2 18658 2
1 27423 2
2 28578 2
2 15024 4
0 25519 4
3 21390 4
3 8800 2
0 30794 4
1 30112 4
1 26187 2
0 17518 2
0 20041 4
1 13149 4
2 7376 4
0 5396 2
1 4804 2
2 10958 4
1 11735 4
2 13531 2
2 24852 2
0 21278 2
0 7512 4
1 13709 2
0 10708 2
1 7348 4
0 19596 4
0 10802 4
2 17115 4
2 315 2
2 2541 2
3 14100 4
3 30531 2
3 5018 2
2 8498 4
3 8636 2
0 5988 4
2 4092 2
2 27478 2
1 24817 4
0 2264 4
3 27592 4
0 24209 2
2 11454 2
2 22136 4
0 26024 4
3 7772 2
3 3692 4
3 16477 2
2 5509 4
0 2928 4
1 28803 2
2 19423 4
1 31881 2
2 21447 2
2 11981 2
2 21400 2
3 5403 2
1 665 4
1 9810 4
0 5985 2
0 25317 2
1 4191 4
0 17755 4
3 19539 2
2 720 4
0 29394 2
1 7026 2
2 11462 2
1 15109 2
3 11499 2
3 26975 4
1 2132 4
3 2797 4
3 24292 4
1 12588 4
2 21461 4
1 15153 4
1 22069 2
3 17953 4
1 14692 2
3 28089 4
1 7575 4
2 23752 4
3 10327 2
3 11696 4
1 3331 2
3 6889 2
2 25930 4
1 32638 2
2 22962 2
3 10126 2
2 6677 2
3 28876 4
1 9758 2
3 15103 4
0 26064 4
2 10370 4
3 4607 2
0 11973 2
1 27860 4
2 30411 4
1 19022 4
3 3498 2
3 26812 2
0 25871 4
3 6468 2
1 9143 2
3 14431 4
2 17910 4
3 30298 4
0 3636 2
0 28631 2
1 17771 4
3 5706 4
3 19370 4
1 26749 4
2 30869 2
2 31500 2
1 19427 4
2 20713 4
1 28126 4
1 985 4
1 32743 4
1 15605 4
3 15600 4
3 32042 4
2 27136 4
2 13754 4
2 5810 2
3 12473 2
0 11702 4
2 18832 2
3 21838 2
3 30077 4
0 8146 4
2 7185 4
2 3117 2
1 16305 4
3 22110 4
0 30230 4
1 6137 4
3 12493 4
2 14499 2
0 21943 2
0 11929 4
1 10122 2
2 3881 4
0 32335 4
1 28471 4
3 20450 2
0 5049 2
0 2165 4
1 29244 2
1 13068 2
1 349 2
1 29186 4
0 22865 2
1 18307 2
2 9310 2
0 11793 2
0 24415 2
0 255 2
1 27203 4
3 13561 2
1 26767 4
3 24698 4
1 29143 2
2 5203 2
1 4681 4
3 1067 4
1 6947 4
3 32506 4
0 17208 4
0 14221 2
0 5999 4
2 23813 2
1 15172 2
1 856 2
1 31045 4
0 23502 2
2 9110 4
1 15749 4
0 17517 4
2 32237 4
2 7830 4
2 6477 4
2 32240 4
2 11069 2
2 22511 2
1 14121 4
0 15384 4
0 16597 2
2 5256 4
2 13523 4
3 13934 4
2 8462 4
0 17036 4
0 15683 4
0 21946 2
3 17283 4
1 2402 2
2 6322 2
0 17413 2
2 17675 4
1 22965 4
2 15513 2
0 31897 4
0 30655 2
2 32108 4
1 23474 4
2 23550 2
1 29434 4
0 10161 2
0 30197 4
1 12285 4
2 9043 2
1 1262 4
0 26778 2
3 18337 2
0 23204 2
1 19146 4
1 32285 2
2 816 2
1 24581 4
2 18479 2
1 32308 2
2 25653 4
1 32721 2
1 30022 2
1 15833 2
3 7545 4
1 7071 2
2 888 2
2 12102 2
0 8964 2
3 14920 4
2 28014 4
1 29171 2
1 14879 2
3 6119 2
0 1809 2
3 25241 4
3 2388 2
2 13779 2
3 3466 4
0 11057 4
3 10347 4
2 27302 2
0 14146 2
2 21237 2
2 12398 4
3 29240 4
1 17378 4
3 20061 4
1 19365 4
3 32163 4
3 3155 4
1 3874 4
2 17818 2
1 17216 4
2 4797 4
0 5181 2
0 6933 4
0 3752 2
0 4747 2
0 31207 4
1 2591 4
1 20659 2
1 4197 4
1 2458 2
3 8706 2
3 12155 4
3 27187 2
1 18957 4
1 21319 4
1 5721 2
2 26400 2
1 3899 4
2 32694 4
0 17893 4
0 18323 2
2 2653 2
2 2648 2
3 25594 4
2 21815 2
1 23018 2
2 26487 2
1 2990 2
0 29427 4
2 6556 2
3 11419 4
3 23901 4
0 11506 2
0 29293 2
1 8334 4
0 3742 2
3 18587 2
2 10901 4
0 19288 4
3 31307 4
1 21656 4
2 13709 4
2 1603 4
1 12413 2
3 14546 2
1 17423 4
1 3031 4
1 1676 2
3 18035 2
0 21522 2
2 2013 2
2 10002 4
2 18402 4
3 16593 2
3 10079 2
0 8680 2
0 4297 2
0 21188 4
3 10406 4
1 31782 2
3 3601 2
1 20388 4
0 27449 2
1 16423 2
3 21987 2
1 2667 2
0 32740 4
1 3457 2
2 14248 2
1 29520 2
3 14510 2
3 10512 2
1 19465 4
0 10190 4
1 14560 2
3 3307 4
0 1262 2
1 669 2
1 1284 4
2 30828 2
1 15746 4
3 11190 2
3 4834 2
2 44 4
0 18989 4
1 10323 2
0 22915 2
3 7683 2
3 2200 4
1 27371 2
1 24881 2
2 16651 2
3 28587 2
0 25401 4
3 21365 2
0 23965 2
0 8081 4
2 3637 4
0 2839 2
3 32082 4
3 29106 2
2 1560 2
3 9248 2
3 20226 4
3 2230 4
3 4700 2
2 3034 4
2 14023 2
2 24712 2
3 14264 2
3 4302 4
0 24057 4
0 24143 2
3 18471 2
1 29379 2
2 17203 4
0 24693 4
0 29409 2
3 29381 2
2 19020 2
3 20132 4
2 21599 4
1 25370 4
0 19549 2
3 10691 4
0 1627 4
3 14157 2
1 10177 2
1 7164 2
1 12236 4
0 5159 2
2 20495 2
1 2232 4
3 5357 4
0 24496 4
1 24097 2
1 7329 4
3 10038 2
0 20785 4
2 8207 4
1 23966 2
2 5473 4
1 308 2
3 10547 4
3 15065 4
0 23397 2
0 31106 2
0 25126 2
0 7355 4
3 21117 4
3 17699 2
2 6337 2
0 29933 2
1 16673 2
1 96 2
2 4124 4
1 20056 4
1 27402 4
0 26819 2
2 4241 2
3 23845 4
1 8497 2
2 27924 4
2 30649 4
0 3772 2
1 20943 2
2 15709 4
0 18541 4
1 6600 4
0 6238 4
3 23270 2
3 15045 4
2 3633 4
1 19862 4
1 10296 2
3 19483 4
0 25888 4
2 6000 4
0 31005 4
2 20231 2
1 4349 2
0 31013 2
3 8862 2
3 31587 4
2 3443 2
0 25391 2
2 2819 2
2 32328 4
0 28521 2
3 17221 2
2 14805 4
0 2575 4
3 29962 4
1 5218 4
0 26590 2
3 26192 4
0 5565 4
1 28350 4
2 3878 2
3 32741 2
1 4653 4
2 6099 4
3 31479 2
2 30951 4
3 1089 2
2 4696 2
1 22489 4
3 14511 4
2 28451 2
1 11848 2
2 17302 2
2 31701 4
0 20285 2
2 6363 4
1 23862 2
1 25651 4
1 10806 4
0 27786 2
1 21763 2
3 2273 2
3 7928 2
2 16654 4
1 31877 2
0 1594 4
3 30124 2
3 15201 2
0 22149 4
1 3541 4
1 12219 4
1 7610 4
2 9997 2
0 30347 4
3 6094 4
1 22420 2
0 869 4
1 19575 4
1 20942 4
3 5543 4
3 25111 2
1 24816 2
1 27364 4
2 20973 4
0 10988 4
2 23184 4
3 27001 4
1 25501 2
0 18155 2
0 17711 2
1 23862 4
2 3890 2
0 12383 2
0 8679 2
0 28420 2
2 5732 2
1 721 4
0 30481 2
0 28939 4
2 18476 2
1 2825 4
0 24646 4
3 28342 4
2 4291 2
3 22289 4
2 7774 2
1 15533 4
1 2467 2
1 17969 4
1 10099 4
0 2264 4
2 2436 2
1 6386 4
0 14046 4
1 27234 2
3 13407 4
3 286 4
0 23863 4
0 29106 4
1 2925 4
3 12733 4
0 4184 2
2 14451 2
0 32039 2
0 28441 2
3 15194 4
2 29068 2
3 30023 2
2 7867 4
2 20118 4
2 31016 2
1 27844 4
2 22378 2
0 20388 2
2 25774 4
0 31193 2
1 28977 4
0 26974 4
1 4808 4
1 24575 4
0 5465 2
2 31709 4
0 15199 4
1 8173 2
1 20074 4
0 11385 2
1 32669 2
1 1950 2
3 6190 4
2 30156 4
1 31209 2
1 16969 4
0 28589 2
1 14255 4
0 19949 2
0 26729 2
2 25392 2
3 18234 4
0 14482 4
1 4022 2
0 8769 4
0 32455 2
2 8193 2
2 23338 2
1 3496 2
1 19951 4
2 9123 4
0 2812 4
0 18287 4
0 18827 2
1 11297 4
3 3239 4
0 17118 2
1 15283 2
1 31587 4
2 2787 4
1 21631 2
1 13249 2
3 15508 4
0 32169 4
0 16922 4
2 5710 2
3 5148 2
3 14899 4
2 21177 4
3 11570 4
3 12196 4
0 760 2
0 24228 2
0 14215 2
0 22036 4
0 6067 2
3 24420 4
3 31142 2
2 30615 4
0 17756 4
0 32707 2
3 19751 2
2 15765 4
0 30252 4
1 11210 4
0 12517 4
3 6838 4
2 16797 2
1 8385 4
0 22775 4
3 23269 4
3 31847 4
2 32049 2
3 16054 4
2 13129 2
0 18562 2
2 20708 2
2 12476 2
3 21068 2
2 9513 4
1 11490 2
3 25314 2
3 28568 4
2 32469 2
3 13173 2
1 32321 2
0 23572 2
0 16189 4
3 10277 2
0 12594 4
3 4586 2
2 23900 4
1 32699 2
2 16205 2
0 17539 2
1 28010 2
2 28738 2
2 4459 2
1 28809 4
2 12512 2
3 256 4
0 17831 2
3 27619 4
2 9847 2
1 6784 4
2 16216 2
2 30139 4
1 6696 2
1 5770 2
3 14104 4
3 18042 2
2 13613 4
0 20520 4
3 19136 2
0 8137 2
0 3582 2
0 13219 2
0 3432 4
2 23697 2
1 14420 2
0 20098 4
1 5994 2
1 251 4
2 21800 2
2 24465 4
2 5727 2
3 19055 4
0 8884 2
0 26326 2
1 23839 2
1 16280 4
3 3183 4
2 13724 2
1 29636 4
3 16478 2
1 15124 2
0 32364 2
2 10151 4
2 5610 4
0 9371 2
1 25870 2
2 7009 4
1 676 4
3 7229 4
1 3723 2
0 22218 4
2 21047 2
3 25204 2
1 12589 2
0 22268 4
1 27018 4
3 13560 4
2 9341 2
3 7760 4
1 22216 4
3 24257 2
1 28995 4
3 17502 2
3 24920 2
3 18443 4
3 24968 4
0 1536 2
1 6629 4
1 1612 4
1 4246 2
0 21839 2
0 27222 4
2 27710 2
1 31477 4
2 27043 4
0 9685 2
3 6619 2
2 3694 2
1 20375 4
3 6348 4
0 3163 2
3 14860 4
2 30977 4
1 6370 4
0 11831 2
3 32277 4
1 19709 4
0 5377 4
2 26408 4
1 31764 2
3 14306 4
1 9554 2
0 11304 2
1 1746 2
1 15178 4
0 6974 2
3 3951 2
3 12887 4
1 32270 2
3 4462 4
0 20598 2
2 25580 4
3 23622 4
2 31691 2
0 27638 2
2 25115 4
0 30540 4
3 14206 4
3 11240 4
0 25772 4
2 17849 4
2 6896 2
3 14214 4
1 9385 4
1 9062 2
1 1482 4
1 9031 2
3 27738 2
2 24939 4
1 28917 4
2 230 4
1 10057 2
3 22050 2
2 32409 4
3 28507 2
1 29246 4
0 27940 2
2 2593 2
1 10976 4
1 11074 2
2 14153 2
1 14389 4
0 7404 2
0 415 4
3 31403 2
1 1725 4
2 27706 4
1 1502 2
3 17059 4
3 23780 2
0 3266 4
3 14791 2
3 28617 2
3 6929 2
3 20413 2
1 8291 4
1 18423 2
2 10991 2
0 29604 2
3 19964 4
1 1606 2
3 3941 4
3 13361 4
2 30746 2
0 27407 2
0 29854 2
3 23132 4
3 1415 2
0 19434 4
1 16385 2
3 19550 4
3 7755 2
1 9137 2
1 8248 4
1 7600 4
3 15280 2
0 8828 2
1 7468 2
2 7947 4
0 14398 2
3 15782 2
3 10247 2
2 28265 4
3 24510 4
2 16326 2
0 11056 4
0 1794 4
2 32570 4
2 22709 4
0 6737 2
3 20815 2
0 29947 2
1 11662 2
1 595 2
1 13065 2
0 16521 4
3 26792 2
0 6495 2
3 7977 4
1 4781 2
1 18845 4
1 20190 4
2 9705 2
2 23921 4
1 13638 2
1 23417 4
3 1217 4
3 25629 2
3 17851 2
2 20761 2
2 13930 2
1 19259 2
0 23126 2
1 10982 4
2 733 4
1 10387 4
1 10159 4
3 23883 4
2 3923 2
0 4910 4
0 18337 4
3 26096 4
0 28230 2
3 13142 4
2 18755 4
1 23485 2
0 12142 4
3 21140 4
2 16623 2
0 32477 4
1 28612 4
1 27568 4
3 22589 4
2 18616 2
2 27009 2
2 15027 4
1 24071 2
3 31734 4
2 1054 2
0 19687 4
2 22118 2
1 13442 2
0 25685 2
2 4309 2
2 2739 2
0 30595 2
2 31774 2
3 26180 4
2 6534 4
2 17251 4
0 6834 2
2 11840 4
3 1721 2
3 8140 4
1 31882 2
2 23311 2
3 19301 4
2 11685 4
0 23391 2
3 60 4
2 26082 4
1 14104 2
0 32299 4
2 25232 4
2 27082 4
0 16271 4
0 18726 4
3 2067 2
3 4086 2
1 5041 4
2 19913 2
1 18447 2
2 18047 2
0 22888 2
2 23245 2
1 23307 4
1 16573 2
0 8157 4
3 3116 2
2 27347 4
3 1866 4
2 28537 4
0 23325 2
2 8814 4
0 2047 2
0 23013 2
3 11803 2
2 15909 4
2 9716 2
3 2570 4
1 26846 4
0 7042 4
0 18819 4
0 21521 4
3 31839 2
3 18765 4
2 28741 2
2 17762 2
2 30424 4
2 6032 2
1 15634 2
1 13480 4
3 5056 4
0 10131 4
3 2052 2
0 20939 4
2 19410 2
0 31711 4
0 28276 4
1 13812 4
1 25862 2
2 2110 2
2 25339 4
0 29579 2
1 662 2
3 16825 4
1 15729 4
3 9787 2
3 13561 2
0 11928 2
2 19184 2
2 747 2
0 2538 2
2 30308 2
2 24016 2
3 26566 4
0 7265 2
2 29159 4
3 23980 4
2 27699 4
1 9367 2
1 15145 4
1 22363 2
1 28893 4
0 2053 4
0 15732 4
2 3319 4
1 12203 2
2 26981 4
0 17744 2
1 1496 2
2 19399 2
0 14510 2
3 4231 4
1 7832 2
2 24987 2
3 17179 2
0 24097 2
3 6416 4
2 5838 4
3 17188 2
2 32360 4
3 11353 4
2 10826 2
3 28803 2
1 25316 4
2 5323 4
3 1080 2
2 4143 4
1 11870 2
1 9216 2
3 17921 4
2 1123 2
1 17632 4
2 20689 2
3 23118 2
3 23703 2
1 23474 2
1 18262 2
3 1288 4
0 25988 4
2 2398 2
3 30953 4
1 29528 4
0 14627 4
1 21933 2
2 11299 2
2 19367 4
2 20142 2
3 18854 4
2 3293 2
2 15774 4
1 2717 2
1 32660 4
0 15407 4
2 4646 4
3 20136 2
0 13056 2
2 24691 2
0 15207 4
0 2507 2
2 20658 2
0 13633 2
1 25804 4
3 18492 4
2 1716 2
3 7028 2
1 765 4
3 17269 2
3 21582 2
1 10531 4
2 25570 2
3 29232 2
0 6665 2
2 14759 4
1 16038 2
2 6245 2
0 10671 2
3 32155 4
2 17328 4
1 22349 4
3 22088 2
2 2774 2
3 11435 2
3 15714 4
2 1054 4
3 27762 2
0 19582 2
0 22107 2
1 14522 2
3 12999 2
3 8020 2
0 15155 4
3 10979 4
0 880 2
0 23188 4
1 8738 2
0 21156 4
2 10563 2
1 31976 2
0 28321 4
2 31046 4
2 9308 2
2 24121 4
2 16745 2
0 18769 2
2 14866 2
2 16305 2
0 2164 4
0 24207 4
2 1279 4
3 23479 2
2 3834 2
3 22024 4
3 1276 4
1 30197 2
3 3444 2
3 24069 4
3 12066 4
2 27476 4
2 14747 4
3 17936 2
2 32201 4
2 16893 2
1 22120 4
2 3825 4
1 139 2
0 14681 2
0 17429 4
0 31410 2
2 27712 2
1 23057 4
2 4122 4
1 7323 4
0 11011 4
0 1550 4
3 1328 4
0 26934 4
3 27691 4
3 2168 4
3 15184 4
1 17995 2
1 13393 2
2 9658 4
0 10163 4
1 6884 2
1 27984 4
0 11132 4
3 11475 4
1 24393 4
3 30271 2
2 166 4
1 10856 2
2 11523 2
1 13175 2
2 13667 4
2 3435 2
2 20188 4
3 7827 4
1 4891 4
1 24597 4
0 20701 2
2 22122 2
3 11382 2
1 23007 2
2 4174 2
0 12054 4
2 27999 4
0 28547 2
2 19384 4
1 16880 2
2 11005 2
3 25337 2
3 13029 4
2 32144 4
1 13242 2
3 21370 2
0 30429 4
0 13776 2
0 24384 4
0 19839 2
1 23018 4
1 13257 2
3 7798 2
1 23234 4
2 16276 4
1 17875 4
3 2950 4
1 4666 4
2 15524 4
2 20360 2
3 31194 2
2 10274 2
1 10021 4
0 22977 4
2 1561 4
1 32242 2
0 9821 2
0 8855 4
1 9773 4
3 12899 4
0 17111 2
3 11618 2
2 14655 4
0 12655 4
2 30299 4
3 21180 2
1 6072 2
3 17485 4
0 15347 2
0 20605 2
1 9025 2
3 8568 4
1 8168 4
0 22976 4
0 22211 2
2 31912 4
3 20417 2
3 9948 4
2 22119 4
1 5847 2
0 10826 2
2 1386 4
2 32661 4
0 20028 2
3 20361 4
2 26693 2
1 30968 2
2 11858 4
3 12489 4
1 30596 4
1 17016 2
2 32721 4
0 8339 4
3 8321 2
3 17726 4
2 22706 2
2 25263 4
2 9684 2
3 25522 4
3 11310 4
0 15398 4
2 12120 4
3 2431 2
2 23230 2
2 834 4
0 23076 4
3 15244 4
0 16924 4
1 12172 4
1 18577 2
1 10244 4
1 19776 2
2 27084 2
3 12858 4
1 13902 2
0 1123 4
2 7179 2
2 29686 4
2 5909 4
0 7422 4
3 403 4
3 8158 4
2 21568 4
3 2507 2
0 14060 2
0 3405 2
0 24825 4
2 2754 2
3 18912 4
1 26842 4
1 10666 4
1 15644 4
2 18807 2
0 17503 2
2 9210 4
3 11090 4
1 22010 4
0 9973 2
3 24275 4
3 23837 4
0 12531 4
0 7412 2
1 4702 2
3 26486 4
2 19755 4
1 18422 4
2 12292 2
0 31895 4
3 24234 2
3 28372 2
3 29294 2
3 31736 2
0 27321 2
3 3494 4
0 28037 2
0 594 2
2 22498 2
2 26054 4
3 7794 4
2 31135 4
2 32237 2
2 3533 4
1 31646 2
0 10518 4
1 13796 2
3 403 4
2 1202 4
0 17714 2
0 27151 4
2 12851 2
3 21143 2
3 32683 2
0 9720 4
1 5635 2
2 10101 2
2 6010 2
2 9831 2
0 14495 4
0 32439 2
1 26840 2
0 26981 4
0 19166 4
2 7429 4
3 32063 2
1 15932 2
3 13018 4
3 8263 4
3 7014 4
0 21877 4
1 7148 4
3 4008 2
3 22344 2
1 20696 4
3 1709 2
1 27535 2
0 8734 4
0 21358 2
3 22773 4
3 15783 2
3 23135 4
0 4481 2
1 28125 4
1 10455 4
0 23493 4
1 24729 4
2 9664 2
1 31050 2
1 3914 4
0 18304 4
0 30261 2
3 13415 2
0 31526 2
2 3646 4
3 31254 2
1 10456 2
0 21202 4
0 19997 4
0 380 4
0 32390 2
2 1800 2
3 421 4
1 8639 4
0 18075 2
1 21951 4
1 5279 2
2 17785 4
2 2942 4
1 23090 4
1 29717 2
0 15491 2
1 24793 2
2 7385 2
2 7760 4
1 19445 4
0 29589 2
2 9069 2
3 13016 2
1 15914 4
0 6619 2
2 232 4
3 630 4
1 29368 4
3 25364 4
3 25985 4
1 7988 2
2 28283 4
2 10217 4
2 11955 4
0 27738 4
2 27530 2
1 6723 2
3 30518 4
0 11890 2
2 26943 4
2 21834 2
0 9987 4
2 6980 2
1 15411 2
1 28009 2
2 852 2
3 27097 2
2 7742 2
0 72 4
2 16032 4
0 25211 2
1 15994 2
3 17615 2
1 2210 2
2 28339 4
0 20800 4
0 6953 4
0 7762 2
2 10569 2
3 8233 2
0 7358 2
3 23017 2
2 28230 2
3 6669 2
3 11318 2
0 17121 2
1 27380 2
2 25350 4
3 1404 2
1 7665 4
1 11740 4
3 25708 2
0 19895 2
0 32020 4
0 14021 2
2 23770 2
0 9041 4
1 20354 4
1 1723 2
1 28711 4
0 11764 4
0 29108 2
3 12292 4
3 14188 2
0 11911 4
1 15716 2
2 26155 2
0 20740 2
2 3892 4
2 6537 2
3 3577 2
2 28806 2
2 29541 4
0 2654 4
3 19830 4
1 28364 4
2 18369 4
0 16731 2
3 7148 2
2 23022 2
2 21042 2
3 11578 2
0 20963 2
2 1350 4
0 16865 4
2 2546 4
3 14628 2
3 6509 4
1 16183 4
1 28862 2
1 7353 2
1 9276 4
1 31709 2
2 26646 4
0 22762 2
2 10443 2
2 17084 4
2 29619 2
3 27457 2
2 12148 4
0 2045 4
2 9358 2
0 646 2
2 21968 2
1 30984 4
3 10464 4
1 3779 4
3 24248 2
1 3208 2
1 23587 4
2 20800 4
3 16964 4
2 4709 2
3 22287 2
3 27782 2
2 15822 2
1 17352 4
0 32669 2
3 29791 4
2 25582 4
2 21273 2
2 6406 4
2 32212 2
2 11390 2
3 31747 2
2 21444 2
1 12077 4
2 1175 2
0 4973 2
0 23950 4
1 20467 2
0 24210 2
3 6018 4
3 29023 2
3 22768 2
3 16903 2
1 16297 4
2 26479 2
0 1068 2
3 23504 4
2 3213 4
3 17720 4
1 23793 2
1 3590 2
3 22549 2
3 19825 4
0 20423 4
3 2 2
3 25963 4
3 4117 2
0 14968 4
1 11868 2
0 28921 2
0 31324 2
0 31756 4
1 31470 2
2 16486 4
2 26303 4
3 1229 2
2 15568 4
0 12956 2
3 11511 2
0 26179 2
3 20573 2
3 20420 2
0 12798 4
3 25399 4
1 10028 4
1 22855 4
2 30731 2
0 32691 4
3 22550 2
3 22990 2
2 11929 4
2 4351 4
1 12086 2
1 13634 4
1 16992 4
1 19877 4
1 15843 4
1 14540 4
3 27994 2
2 23918 4
2 27319 4
0 10965 4
2 18110 2
2 26977 2
0 394 4
2 23302 4
3 21255 2
2 11210 2
0 17270 4
0 12872 4
3 5101 4
0 47 4
0 30420 4
1 17091 2
3 6249 4
3 29531 4
0 30525 2
3 22498 4
0 3252 4
2 21335 2
1 17801 4
2 1613 4
2 19016 4
0 16235 4
1 6098 2
1 15340 2
3 26589 4
0 14368 4
0 26993 2
1 20458 2
0 18796 2
1 12096 4
3 2814 2
0 4782 4
2 12334 2
2 6100 4
0 12883 4
3 24035 2
2 19100 4
3 30243 2
3 2697 2
2 9328 2
0 17520 4
1 28601 4
1 17401 4
3 640 2
3 22178 4
1 23388 2
0 9275 4
2 19834 4
2 22378 4
0 20759 2
0 5673 4
1 9224 2
3 19012 2
3 14899 2
2 14812 2
1 32275 4
3 28646 4
3 24888 4
0 29868 4
2 15557 2
3 22091 4
1 496 2
2 307 2
2 14981 2
3 26794 2
3 22883 2
1 32586 2
1 23293 2
1 32638 2
0 13786 2
2 1033 2
1 6934 4
2 28800 4
3 1759 4
3 10698 4
2 8441 2
3 7847 4
3 27962 4
1 8230 4
2 19471 2
1 2606 2
3 19189 4
3 15350 4
2 17665 4
1 24716 2
3 21336 2
0 1874 2
2 3512 4
3 3196 2
0 6893 2
0 20884 4
0 4444 2
2 17911 2
2 10108 4
1 16213 4
0 13400 4
1 8756 2
0 15 4
3 23149 2
0 25684 4
2 9134 4
2 15598 2
3 8694 4
0 10296 4
2 18972 4
2 6050 4
3 6729 4
2 12335 4
1 8825 2
3 31477 2
3 23806 4
3 26017 4
2 22270 2
3 4848 4
0 10480 4
3 31542 2
0 16162 4
0 23771 4
3 29238 2
0 31961 4
1 28576 2
1 14143 2
2 29225 4
2 24497 2
2 19055 4
1 29158 2
2 14179 4
3 4648 2
0 3786 2
3 24024 2
2 13757 4
0 3048 2
3 26922 4
2 23903 2
1 22096 4
1 24024 2
2 838 4
2 29699 2
3 1909 2
0 16930 4
0 5145 2
3 22158 2
2 19652 4
1 11312 2
3 28635 4
0 31496 2
2 20247 4
2 22697 4
0 6149 4
1 10426 4
0 27782 4
3 23927 4
3 19280 4
3 2094 4
1 18539 4
2 14787 4
3 5557 4
0 13100 2
3 23391 2
0 26102 2
3 24686 4
3 17598 4
2 827 4
1 25529 4
2 499 4
2 26925 2
0 4887 2
3 19957 2
3 19965 4
3 28160 4
1 25421 2
2 26835 4
3 9605 4
1 20995 4
2 24950 2
0 12731 2
1 1733 2
3 21820 2
0 8298 4
1 28504 2
1 7476 2
0 2294 2
1 26692 2
3 16786 4
3 20877 4
3 24506 4
1 18010 2
3 12690 4
1 22984 2
0 15696 2
2 7496 4
1 16832 4
0 18719 2
0 1729 4
3 13541 2
3 32199 4
1 8201 4
3 12887 2
3 19019 2
1 2702 4
1 23617 2
0 22427 2
3 8147 2
1 13888 4
0 2239 2
0 16213 4
3 3349 4
0 2116 2
0 19900 4
2 29582 4
0 3819 4
2 20805 4
3 177 2
0 20368 2
3 22382 4
0 15146 4
0 13399 2
3 4067 4
2 24054 2
1 22813 4
0 18600 4
1 25169 2
1 28446 2
0 14216 4
2 31452 4
1 30178 4
1 15549 2
2 27666 2
1 30060 4
2 2783 2
0 28140 4
1 9637 4
0 24593 4
3 722 2
2 12037 2
1 15466 2
2 28613 4
3 28804 4
1 16801 2
1 16842 2
1 30400 4
2 10237 4
0 3225 4
3 4206 2
2 29819 4
1 20102 4
2 11269 2
3 23615 2
1 9647 4
1 27305 4
0 320 2
3 16998 4
1 5205 2
3 29742 4
2 17120 2
3 22860 2
1 10151 2
0 25631 4
1 3265 4
2 16538 2
3 13340 4
1 17604 2
2 28666 4
2 12601 2
0 2927 2
3 16807 2
3 741 4
3 3409 2
1 3224 4
0 14224 4
0 28955 2
3 28749 2
2 13265 2
3 17544 2
2 2932 4
2 16085 4
1 10897 4
3 22489 4
3 22538 4
2 14033 4
0 22419 2
3 16908 2
3 8758 2
3 32620 2
2 28367 2
2 17641 2
3 2704 4
3 14605 2
1 382 4
0 9081 4
1 5874 4
3 3423 4
1 3609 4
1 12806 4
1 17013 4
3 16201 2
1 4186 2
0 26136 2
0 3442 4
1 15094 2
0 4409 2
1 26233 2
0 3457 2
1 9677 2
0 14063 2
1 6961 2
1 32124 4
1 28280 2
2 21749 2
2 15754 2
0 19835 2
2 23776 2
3 31748 2
3 26636 2
3 13017 4
0 8751 2
0 2582 4
2 9856 4
1 14381 4
1 26828 2
1 14947 4
0 1520 4
2 19793 2
1 25697 4
1 13668 4
3 9381 2
0 22365 4
2 25047 2
3 8402 2
2 16935 4
2 16555 2
0 22359 2
1 12198 4
0 20287 2
1 2260 2
1 29770 4
0 12826 4
1 32247 4
0 21681 4
2 12633 4
0 9638 2
1 20887 2
2 32346 4
3 24685 2
0 17667 4
3 11945 4
3 9513 2
2 15534 2
3 6186 2
3 27381 4
1 15799 2
3 31367 2
3 1108 4
2 23940 4
0 8668 2
0 22432 2
1 23547 4
1 28320 4
1 8370 2
2 10978 2
2 28375 2
1 10194 2
2 3730 4
1 29813 4
3 6625 2
3 17378 4
3 21780 4
2 28100 2
0 22354 4
1 16089 4
1 786 4
3 6518 2
3 20131 4
2 26113 4
1 23717 4
1 21366 2
1 25742 4
1 26595 2
1 27430 4
1 24811 2
3 19211 4
1 25670 2
1 3373 4
3 64 4
2 4435 4
1 31798 4
3 1684 4
0 31004 2
3 13279 4
0 25081 2
3 4212 2
2 11369 4
2 11368 4
1 26906 4
2 26917 2
2 9296 4
1 488 2
0 5730 2
2 25665 2
0 9275 4
1 22679 2
2 12249 2
2 31393 4
2 14545 4
3 494 4
0 19657 4
2 23134 4
0 18428 2
0 3238 2
3 26042 4
0 30416 4
0 8421 4
0 21689 4
0 25717 4
3 6289 2
3 3061 4
2 4958 4
0 13316 2
3 28026 4
1 23253 4
1 28432 4
1 20655 4
2 6307 4
0 30830 4
3 2951 2
2 22528 4
3 16998 2
0 30953 4
1 6588 4
2 6335 4
2 10332 4
3 10670 4
0 26601 2
0 8950 2
1 11613 4
1 8552 2
0 29062 2
3 22509 2
3 27011 4
0 20479 2
3 28491 4
3 31277 4
0 14887 2
1 3740 4
3 26419 4
0 15745 2
1 20962 2
0 12199 2
3 15479 4
1 22255 4
0 18572 2
3 3787 4
0 16270 4
2 3266 2
1 11071 4
2 8431 2
1 15923 4
0 18050 4
2 3156 4
3 1086 4
2 4958 4
0 7417 4
3 4963 4
3 4127 4
3 14152 4
3 27183 2
1 3398 2
2 25917 4
2 20330 2
3 22894 2
1 31766 4
2 32127 2
0 15998 2
3 30526 2
1 10027 4
3 15375 4
2 13435 4
1 16745 2
1 11039 4
3 32087 2
0 16028 2
3 14071 2
2 2507 2
2 9982 2
1 22361 4
0 26674 4
2 14920 2
2 14318 2
0 30316 4
3 1698 4
1 14574 4
0 22608 2
3 8396 4
0 29968 2
1 5975 4
0 27021 4
3 30900 2
0 22406 2
1 3164 4
3 5710 2
1 19868 4
3 9037 2
0 1045 4
0 25212 4
2 11325 2
0 12012 2
3 12252 2
2 15168 4
2 28304 2
3 16943 2
1 5706 4
2 1795 4
3 19407 4
2 9756 4
1 9016 4
2 13678 2
2 26738 4
0 13567 2
0 14270 2
3 20330 4
0 26162 4
3 27230 2
1 14902 4
1 1823 2
2 29704 4
0 29444 2
0 9784 4
2 18424 2
0 24109 4
1 15610 4
3 7327 2
2 18077 4
1 7707 4
1 1928 2
1 29570 2
3 4342 2
0 27273 4
3 29495 4
2 17978 2
1 7726 2
3 18290 2
3 4561 2
3 1378 2
2 24236 4
3 5646 2
1 30303 2
2 1745 4
3 19483 4
1 9431 4
0 17704 4
3 5537 4
0 31074 4
1 16260 4
0 17336 4
3 554 4
3 8876 2
2 16144 2
2 26837 4
0 12807 2
1 15712 4
3 6579 4
3 27787 4
1 12303 4
2 2088 2
2 29414 2
0 22560 4
2 15451 4
3 6893 4
0 11107 4
2 5663 2
1 23622 2
