608 674
58 260
258 112
62 468
356 171
129 308
423 273
33 537
452 295
144 339
530 370
249 190
95 444
439 455
502 326
131 65
431 481
29 407
115 139
262 216
120 229
552 327
513 100
479 364
333 300
450 120
549 467
495 574
253 206
74 510
274 79
413 102
593 482
392 588
462 74
504 342
92 411
474 460
541 361
69 115
171 248
427 589
4 381
279 48
329 466
309 305
383 496
133 439
347 512
276 250
488 1
47 292
109 418
535 314
318 197
300 392
21 477
487 264
418 502
376 403
509 459
570 375
514 86
140 213
470 21
230 581
179 396
389 570
9 603
561 63
114 105
170 393
467 176
13 266
216 529
321 328
602 193
35 486
594 127
419 601
192 203
110 268
548 330
302 454
441 521
177 428
160 228
150 81
304 412
22 538
163 64
45 362
14 107
524 172
202 585
523 557
460 23
442 31
538 62
532 42
196 324
414 132
536 211
468 151
286 366
146 184
331 11
512 470
562 40
25 350
471 337
225 524
374 602
201 551
244 360
94 426
436 73
412 465
7 199
205 519
544 49
387 576
508 177
71 134
226 316
480 188
137 78
423 127
250 500
379 244
191 267
349 504
229 421
574 317
58 183
106 279
586 508
608 384
363 369
343 401
512 183
541 310
519 160
533 13
297 283
228 325
7 569
370 599
169 145
64 249
457 153
459 130
465 498
497 189
451 92
93 34
514 499
215 270
476 329
89 98
189 383
464 178
527 111
198 35
521 471
350 280
313 538
75 561
161 436
73 27
55 163
477 138
57 549
337 16
277 70
450 510
423 228
204 109
72 134
37 311
600 144
272 335
357 499
298 257
472 409
81 340
123 545
268 358
145 530
108 215
317 58
522 558
312 456
43 116
80 256
463 513
142 174
599 155
127 218
568 147
339 309
496 90
336 232
271 149
517 554
370 570
138 564
425 37
217 511
306 252
562 30
254 145
423 287
242 124
5 544
549 505
190 440
240 437
149 84
38 542
188 247
280 275
118 281
553 47
584 121
328 238
296 13
237 398
83 492
348 528
587 68
52 546
91 234
77 338
557 394
491 284
181 8
293 148
173 301
377 66
30 205
607 365
447 469
372 606
252 51
267 127
187 125
518 568
155 515
478 463
199 415
368 272
449 220
582 605
260 590
135 140
448 218
72 89
74 604
289 212
358 209
185 40
93 242
282 198
494 70
113 5
134 587
381 311
366 182
406 45
585 452
105 76
437 159
76 531
386 3
157 200
205 236
184 571
159 573
211 57
396 320
18 485
66 397
330 591
354 547
369 487
385 293
210 607
428 579
147 38
176 577
273 271
185 114
325 101
322 520
514 31
96 582
346 239
243 278
195 226
455 88
401 443
545 543
307 187
116 453
438 225
380 595
533 99
281 146
51 119
174 108
227 532
251 413
382 429
313 360
591 14
79 91
590 321
426 22
514 423
233 26
65 560
390 598
435 475
404 192
48 495
259 535
514 158
7 326
26 168
291 368
466 17
1 255
72 549
526 491
597 179
220 546
277 24
433 123
266 24
505 577
338 457
223 462
566 75
86 395
219 348
560 583
573 352
409 29
332 166
341 103
432 285
121 207
600 177
168 136
367 99
592 263
423 409
326 144
270 208
595 363
245 52
340 450
84 580
107 525
299 509
246 584
200 417
469 221
402 534
11 169
68 194
209 180
12 435
261 359
322 531
206 181
313 477
303 294
344 89
503 493
31 85
411 157
162 424
381 34
556 204
126 59
529 550
222 346
572 559
112 319
277 269
151 235
193 304
327 211
277 41
319 86
571 50
578 106
44 373
143 578
579 282
34 361
218 575
269 563
506 351
79 82
434 539
19 418
152 227
212 33
313 21
119 447
93 292
97 592
178 376
604 54
399 202
351 399
15 36
134 236
221 355
310 1
483 333
264 565
359 523
551 307
550 236
315 233
600 460
87 593
605 404
600 381
122 467
125 489
400 223
46 445
28 137
63 497
594 227
214 479
50 253
598 152
514 572
88 567
397 419
542 356
342 298
24 161
381 323
458 291
520 91
130 490
194 262
186 195
255 126
295 53
500 441
432 281
220 608
444 273
283 131
285 501
67 427
360 434
361 56
294 113
395 458
103 242
558 449
101 391
323 541
36 553
85 96
248 69
501 287
292 183
547 129
53 354
461 433
408 416
247 97
3 158
27 332
154 318
490 526
10 420
256 165
514 320
423 323
100 265
175 552
473 553
288 46
327 122
488 422
124 402
158 290
606 322
546 269
78 390
169 389
292 517
352 341
534 562
54 60
102 315
257 71
564 20
543 596
371 410
550 95
166 83
492 522
241 18
525 425
554 311
7 607
600 508
576 77
563 4
454 110
82 331
533 498
362 414
540 128
197 32
139 156
583 442
203 10
421 400
224 191
598 510
17 408
398 219
424 117
136 312
314 154
331 254
484 478
384 61
430 162
569 2
581 540
239 507
56 488
117 15
104 586
265 527
443 167
486 405
93 488
207 387
429 135
511 43
594 74
515 299
263 483
301 556
417 87
537 367
565 484
416 104
6 476
373 378
277 583
180 9
516 151
37 6
308 241
528 306
324 141
287 276
231 438
456 506
516 584
481 210
165 28
493 566
41 80
415 349
70 431
563 384
423 237
61 381
498 142
475 231
148 170
128 25
42 302
156 164
499 374
232 518
603 357
601 480
167 222
453 224
39 259
559 494
111 430
507 175
353 386
20 251
531 274
164 186
141 258
32 94
405 380
172 503
334 143
482 297
235 230
394 474
533 89
375 67
365 385
320 39
93 566
473 300
420 133
567 286
388 344
191 448
182 548
575 432
345 569
407 347
410 345
422 240
378 572
554 150
153 382
16 44
59 446
208 246
316 296
577 217
305 196
278 597
391 185
446 303
234 331
596 288
485 371
588 199
403 336
589 173
90 245
99 55
393 214
290 388
284 261
539 451
49 237
127 118
238 555
8 289
277 232
355 372
335 243
2 536
440 464
445 343
132 353
98 377
504 510
60 461
275 379
256 40
555 41
580 472
23 334
364 201
489 12
213 406
