5000 5000
2974 3051
1027 3680
1103 1450
3244 934
804 3349
1967 2909
2845 742
3768 2843
739 4942
1319 3872
3570 2790
4629 1610
2131 1242
4400 1896
2088 897
1486 2402
1873 4385
4502 2465
2707 4186
4340 2988
4688 870
906 4913
4952 360
4131 1116
2882 3203
332 4361
1967 1774
1863 3304
2761 284
3848 87
4326 2338
602 1309
2358 4598
4046 240
1801 90
3914 4968
2529 4804
4114 1449
600 35
3875 368
2894 1304
222 4080
3766 812
3065 3122
4467 4839
1103 4529
3707 4120
1722 1796
2331 4845
3007 4552
701 3129
4223 4226
176 415
2558 1297
2079 4629
1418 4727
808 2457
4910 1463
4892 3840
2024 4779
1966 4342
3563 2765
4868 3405
1933 1436
694 124
2841 3274
4318 1881
802 2678
4523 2181
4710 882
1127 534
276 660
758 2142
2882 1765
774 1647
653 1300
396 4554
3961 1067
89 1662
1705 1878
1484 923
3571 1386
435 3211
4517 4337
2790 1810
1744 2776
588 2382
1050 1871
2522 4562
3768 2356
2704 2141
1717 4627
3130 4217
4390 1757
3585 3169
1199 223
943 2256
185 1680
580 2768
1159 1117
2469 3329
4990 3398
2549 4645
4732 629
18 2287
2823 1709
415 1580
4659 3538
700 1320
4804 3132
3653 4549
1313 1185
4727 3911
3171 1136
4772 3632
1729 687
717 2248
1149 3718
3218 3804
862 4644
4304 1165
2948 2758
1684 3856
4168 988
3149 654
1325 916
1304 4900
203 258
3576 3705
4569 3524
4011 49
743 2304
1888 4073
394 4172
4934 4857
329 1545
2613 591
993 3041
1701 2403
3814 2985
1451 2887
2664 684
2790 1322
279 947
4863 1715
2272 2140
2880 2952
360 4589
613 2772
4243 529
213 4684
2706 220
1321 3069
3585 160
470 4429
3536 4997
4803 1127
2843 3580
568 2589
2704 1078
2607 4212
993 3784
3493 844
4721 2578
3384 864
55 372
1312 266
4158 943
4531 3471
1403 3641
1628 1193
2295 2015
2305 3203
3131 2228
4098 4644
1633 3084
481 3591
2676 1652
2757 3973
242 343
2769 4388
4462 865
512 293
1357 96
3017 824
3404 3966
2565 2374
4582 1857
2938 745
2074 4034
4499 3869
1620 3348
37 3926
1016 3580
2423 3373
2981 1110
4614 2306
4396 4705
3029 3802
343 3681
1385 1605
590 2253
4316 2829
4153 2774
2451 295
908 4512
682 1521
4644 3787
3998 3766
1634 999
2524 3740
2957 2669
4206 2791
1708 3657
2610 940
3536 1601
4550 4179
1618 836
2547 1959
2527 2680
1257 326
981 2414
3352 3097
802 4949
2598 2652
3812 1121
2283 4120
4088 1575
4082 1412
3017 1439
478 3723
395 253
541 2861
13 765
1939 109
4167 3749
2299 4533
1365 573
2361 3672
3457 1761
4882 1991
933 3774
3369 2009
1653 485
3679 607
2415 4237
495 2002
1043 1437
2724 3674
374 2658
3426 4499
3790 1055
1540 4789
4933 735
1962 1102
1932 868
4899 1561
3869 1989
4966 2974
3458 4468
2246 4890
589 173
4588 1519
4049 1657
4245 2640
2291 1056
3924 1437
758 1603
95 3486
1734 1793
4766 242
4948 1237
2245 3089
4156 1350
3790 4547
3139 1467
3322 309
1192 1694
1675 4742
3263 661
4629 3847
2124 2001
78 3938
2525 4612
724 3283
4575 2629
3617 4270
2894 4937
1138 4976
2066 2981
4206 924
365 1707
1211 4760
1893 2367
1294 3587
630 2676
722 1791
3136 1017
2658 1863
2921 4932
628 4531
1553 724
2921 4746
1997 1445
1220 1666
4952 698
4037 3718
1752 1666
3471 927
1609 3290
4039 3788
748 51
3659 672
4430 3094
4729 3070
4591 3924
1397 248
1651 2984
1420 3338
219 2743
3668 4524
4836 3277
1386 735
671 2314
3483 2488
2009 2566
1290 3936
1802 181
4084 4614
3012 1584
3669 46
4379 912
4504 2983
3180 4615
2396 2863
4071 1480
1287 2167
3225 3626
4449 1808
118 4976
3150 3454
3993 4172
4533 3871
4258 1673
3660 194
4560 3196
1884 196
3704 2691
1229 1096
1864 1303
2845 1376
1753 3612
2979 258
3409 644
2388 4965
4223 2628
487 1223
3647 78
2974 4568
4055 2176
4669 4859
4202 3243
3869 4038
4540 2685
153 42
1244 1772
1973 2627
719 148
3699 2893
2075 4234
4952 1270
365 727
4951 3006
2573 3252
122 1242
4135 901
3212 3264
4334 2982
1994 1158
3171 1340
647 181
549 1324
2789 3306
2352 4649
4397 3035
2393 3882
349 2710
218 1646
872 3577
4453 3289
2119 1273
4037 4237
3678 2397
4985 4729
2513 3341
1282 4138
212 3550
2438 4527
2881 4463
1295 146
2455 56
4080 1733
3073 3394
1454 4553
4002 4047
931 3295
2465 1642
3615 1388
2570 4494
251 2621
3454 2435
318 2205
187 4768
2387 166
2230 1980
1664 1909
4045 2710
611 4883
1879 3818
4838 1965
2437 4772
4080 3789
4671 2011
4818 2148
1276 3782
4621 3197
2624 533
1952 252
4271 888
4808 977
4571 1124
1065 3963
3330 1974
4202 2179
883 1895
2022 530
2717 626
1079 2125
1415 103
2833 3955
327 3232
1707 2219
2526 933
2573 2767
3754 2867
4889 3291
2806 1777
868 1619
4763 1983
4646 3766
4628 2294
3601 226
4667 841
4610 1332
3853 1155
2136 3168
2599 2872
1890 2973
2513 3557
4444 3699
3846 1935
3344 4543
2516 1294
1903 3471
4040 3799
2208 2614
4726 4622
2690 1048
2302 3595
4195 4097
258 2342
527 21
6 996
2835 4013
250 3596
4953 4632
2578 3852
1561 4845
4886 97
2867 2064
2047 4805
1389 2042
3238 1207
1131 1721
2093 4452
4931 1109
55 4420
229 2217
1154 2833
2567 139
1207 544
2531 976
3890 3658
1632 1876
2673 4194
1753 2315
2824 3147
756 2064
3752 850
1606 2861
4773 2785
1622 356
3405 4482
2283 759
4848 3863
3370 2512
2375 3698
3319 885
4436 1017
1708 3652
4362 4219
3507 3795
848 3057
1529 3382
1955 30
1470 3052
1322 1441
3887 3695
4969 4507
3397 1814
2632 2442
930 1215
34 873
3950 74
267 560
2144 3374
1424 2567
8 1302
2878 3079
4613 2258
2166 758
3367 647
948 1301
4154 870
4668 1892
2327 4243
3513 3411
3801 3122
37 4570
330 4658
442 1715
3120 1975
2695 4306
281 578
4841 4391
4391 4806
2426 3433
4705 4657
2328 3915
1902 3557
2630 2386
197 1034
1505 2286
805 4296
4902 4038
792 3878
772 3801
3405 111
4458 18
2235 2664
217 3572
4401 748
2072 1315
1697 3781
2582 4991
1126 594
2440 2027
271 575
3012 1274
1276 2161
4456 1470
361 4045
3989 4139
4891 624
2563 151
1220 2530
3073 565
3112 2972
914 2842
4713 781
2625 3217
2944 4531
706 4897
291 4581
1471 2183
2163 1150
3092 3438
1339 1525
4560 2765
2233 2637
593 1932
2232 824
259 2387
884 4874
4930 1515
3714 301
1296 2158
4607 3477
1365 2673
3814 678
2197 793
3812 694
4685 3084
4053 2038
3410 4356
2743 961
3455 4215
4892 1304
1882 1648
3557 114
448 4284
773 2009
4479 4384
1614 3506
4811 433
2806 3761
3901 4943
2364 4783
2285 158
16 2215
1555 3434
3161 1091
2911 2030
1931 3885
3882 3470
1550 4239
2084 4215
4498 4794
3377 1188
4533 2352
2093 4910
3795 3399
619 1441
1344 1756
1234 3230
82 4379
726 2056
2701 4635
4862 4008
3663 3151
2969 2702
832 4712
4068 1304
4030 2821
4326 3298
442 415
2410 2505
1866 1171
3672 220
98 3838
4545 3573
1224 104
4769 411
2547 4280
3256 2742
2223 2616
1098 968
814 4770
4268 1558
1033 4746
4462 4227
4515 1476
1820 2207
3343 340
4918 4815
3661 644
2524 510
532 1219
1583 1005
4680 3893
2649 3177
4117 1938
1716 73
922 4846
407 3518
3809 2786
1012 2929
1637 2172
4892 18
3118 4432
3449 705
4822 4676
3874 3752
785 1328
2912 3438
4274 957
1904 265
4298 180
2030 4315
4585 3953
1495 2206
2360 589
4535 1758
2477 2672
996 4277
4828 1159
11 4663
4763 4102
4646 656
1805 590
1871 3466
2544 4794
3864 3098
1381 2637
869 4209
470 35
1304 4040
622 93
3476 2927
219 768
2916 3355
4532 1096
1715 593
2851 1609
2686 3038
693 1845
1238 2753
4930 4848
1984 4109
84 3592
4927 4755
2760 4177
3746 4663
3353 4442
2409 4189
4847 3739
2466 1590
4746 4101
4661 3496
2056 4006
967 4746
1932 4256
4004 4166
4300 3301
4602 1920
1504 1771
446 1125
1958 1304
4768 3123
3829 794
3145 2276
370 2809
2865 3163
4484 2496
4897 4004
4045 2372
4325 683
2637 3305
962 4772
3219 1432
2171 3387
2769 2832
1688 4111
911 2218
4860 3883
2710 2440
1776 5000
2722 4303
351 4279
4439 724
3006 4058
3342 495
4371 4295
652 3220
2582 3282
3913 2921
4531 201
1715 4533
98 606
5 3514
4998 668
4038 1253
537 2169
3676 4324
4397 990
1848 1486
4646 1723
4789 1262
1559 2953
2826 2561
377 931
3439 3301
4140 1965
3368 4523
2973 2921
1529 359
2806 2439
1385 4745
2434 4202
1704 2278
1395 504
1222 3225
3202 1942
2659 2028
3234 4860
1901 1594
1610 604
1523 2093
3630 4874
848 3079
1307 3380
1478 1659
2478 4818
643 208
4339 1909
3657 3133
2522 3886
3591 2197
3117 2076
1624 895
3819 618
906 1730
558 2334
2820 2909
1960 1062
634 2549
4489 2967
3597 1128
4521 749
2649 1327
4208 2037
1898 1619
3712 2790
1169 153
1798 607
3081 1560
3617 2901
3809 3434
2607 3958
3585 3640
3717 4257
4323 1404
1661 1036
2457 1463
667 4880
2591 1257
3839 1581
994 3988
1737 4021
3782 4597
3599 3534
1617 2547
2 4391
1924 4216
4757 1294
168 2700
2133 323
746 3471
3684 4772
468 4816
393 4264
636 1570
2338 2968
492 3668
2833 357
3577 2258
510 411
665 3294
3385 3641
4639 3878
1915 2564
3923 4652
4144 787
1458 3858
1197 3584
2020 1266
3266 3712
2004 3449
37 287
172 4854
2066 778
4899 4229
2335 4994
4291 2461
3680 1304
4201 1919
972 4058
2512 2150
868 465
2945 1856
2744 4240
1535 557
1576 1292
4516 1702
1947 694
3422 1737
3536 1839
2643 2942
1830 4318
3923 4010
4219 2056
2848 2068
308 4116
2590 4498
4114 1537
1190 3477
685 1966
1539 1050
1009 2609
292 1624
388 2593
4980 3486
1503 3096
3897 1596
3906 118
3905 150
474 4271
4828 2230
4240 3204
923 2248
4890 633
2280 2565
1230 4542
4438 4014
4295 3951
632 1400
2646 774
3066 3681
2098 4733
3381 273
955 76
2798 1473
3544 2948
2853 2765
763 4059
3311 3141
4057 2494
1793 1634
1165 1655
1529 98
1529 3383
4360 3940
1968 3032
2090 3004
3372 1686
4323 3696
1352 4015
2835 2002
3880 27
2486 4336
1530 4846
2899 1582
1115 1430
4620 2075
2239 14
610 1784
975 3203
1323 1864
460 2605
4413 2390
826 109
1879 3009
2435 4290
4439 4980
2046 754
2757 4183
4760 592
3792 1529
932 2813
77 1818
950 524
3206 578
517 2032
844 2621
4503 219
1858 1551
1587 3968
32 2330
3537 4661
3791 2892
3745 1773
3505 4061
833 2484
4672 158
2298 163
4673 1733
3124 1051
1735 2126
2666 4959
2188 2955
4555 3024
3258 2246
695 2955
2281 4679
3011 2734
4963 2033
4021 2712
411 136
3399 1067
1171 2723
4040 2295
3425 18
3291 2506
4872 927
2837 4462
141 2964
1422 2232
4493 640
1561 2440
3751 3159
3545 3842
3682 3992
703 2297
4780 3944
2123 2044
1660 4023
4329 4668
4600 1504
1620 231
2933 3075
2451 3756
519 2586
142 1528
1142 4598
525 4845
760 3144
770 4967
4402 2643
4428 2143
2288 1088
2904 2552
2932 469
1198 2918
373 978
3712 4632
4589 2534
4851 1813
1878 4404
3481 2420
1367 4502
3539 2954
2563 1205
2440 2435
4724 1050
1425 2055
1657 938
4687 4721
4858 4881
849 1903
3838 2273
2239 1936
4790 2998
423 1447
789 2773
4441 94
2918 697
4586 1747
960 585
3053 2610
3070 3292
4355 1072
1114 4721
3637 1556
2543 3125
590 1310
648 3007
4495 4950
788 3967
3330 3674
1099 4993
2531 2676
3752 1608
960 459
3264 491
566 2961
374 1833
811 1557
2461 641
1506 1251
1527 2707
3339 1268
2831 3395
809 285
1842 2613
3376 4764
2228 575
1206 1166
3293 3531
2784 1884
3953 1554
786 305
1672 1776
300 4734
2968 1602
429 3909
2876 4160
2948 4827
485 2524
4383 2701
1373 817
4611 3888
3665 4948
2657 338
2294 3204
4582 2261
4283 560
1623 2297
3542 4016
2175 2702
1501 3680
1364 2667
4906 2845
2593 200
1278 3362
2892 301
4236 1542
3266 2761
3924 3189
3348 2792
3690 3783
3451 4026
303 1148
1958 4513
524 3318
1350 4614
2514 2926
3459 3870
2416 3950
2805 1574
3386 4916
2781 4836
838 2152
375 4413
3046 2923
4948 3326
2522 3054
4936 4277
602 2539
617 13
1598 2895
2190 4490
4577 4507
1516 1933
4823 1279
4639 1632
4152 2304
3405 994
2486 4586
4350 4528
3026 3787
4587 2041
3267 327
1246 3670
643 2101
2025 235
1728 178
923 506
977 2109
312 4401
862 2859
1870 131
2271 3675
1231 4406
3248 4606
1033 4121
4796 3543
4003 3177
67 570
3091 2421
2650 4273
3014 3516
4471 3083
4365 206
2227 1134
1144 3405
1491 2304
2580 69
4040 4615
3384 2757
2035 2913
247 3388
3900 3371
4757 1990
4584 3464
831 2974
1584 3566
1140 3000
4178 2035
3731 1819
672 382
4914 1062
3997 2442
1381 96
363 638
548 3567
4641 4878
28 4569
4915 144
2395 1465
556 2896
424 4695
2605 3259
1795 2345
4762 497
2261 2229
2592 731
2587 224
3356 852
3266 163
4844 2461
2562 2901
4567 373
1522 4036
2078 2905
1258 2765
1661 2486
4295 3823
2647 2781
4140 4604
1426 568
3421 3405
3547 514
4371 4818
2723 3080
1703 2357
1195 4299
469 2056
634 4679
3199 2347
3869 3167
2640 584
2804 3129
4409 1869
4612 3569
2279 1504
1810 3192
123 1304
3951 2725
3450 4873
4365 1402
1865 1381
4882 257
2530 1105
1628 2311
3575 4975
1527 1825
3874 1049
4822 2576
4688 4815
4663 2854
1699 729
4658 2557
3054 1564
2954 713
4655 1606
4601 3136
2712 2781
1571 4065
3288 2165
776 2715
307 4433
3767 2162
1534 1910
4028 2218
3338 4220
3508 4662
2733 728
1140 1631
2966 2245
4427 251
2904 89
1685 2559
3501 1876
4837 1330
2246 3359
1298 4453
2985 1481
4816 2387
3114 1938
1642 1092
1882 1681
1787 2036
412 6
96 2886
1763 3536
4763 2370
3655 1974
2668 3375
3288 1519
4673 380
518 4724
3819 3249
3861 2138
3136 3833
4721 2216
92 1965
2799 4000
903 3146
1667 2139
3012 1415
2396 4403
475 4982
1676 4265
79 3222
3559 4182
4541 4981
2134 4375
3681 1736
403 2256
1927 643
3266 1304
945 1097
4185 3047
3449 1509
2124 843
2289 4595
4228 2441
344 3926
2351 2022
4506 495
4880 3933
3730 2169
2426 3153
2876 3392
4715 3702
3871 3517
3347 2319
4804 3203
3616 4867
736 4599
4860 3107
2949 2486
4911 108
4720 2340
980 1466
3181 3054
3699 2635
2598 480
4456 3952
3358 1247
3671 2412
799 4068
1954 3529
232 4419
2217 2622
4060 1477
2461 1873
2358 4418
3818 1261
1066 3964
1461 2983
1227 3257
3672 762
4793 3203
410 2540
314 1386
2780 4202
679 837
4005 4092
2857 762
1526 4096
655 1437
3020 177
4451 311
2373 1128
233 1196
2131 2120
2341 4478
568 264
2362 4510
24 4059
2180 1758
4134 4747
4961 4202
929 2896
4836 4079
3908 1320
2374 3137
250 1521
1642 876
261 4056
4154 4265
4480 1566
4924 1493
4725 219
4665 3033
740 619
4751 4745
1771 4866
4512 2859
1592 982
979 358
2057 694
1343 566
2293 148
4910 3733
4239 2174
4131 1
2901 1677
3348 2502
3865 820
267 3721
147 4416
979 2683
4882 2815
159 4384
407 3691
3543 3980
553 4443
4897 3800
1349 13
4761 2241
4550 4046
1761 975
3451 2362
1946 4051
918 1869
623 3520
2729 1490
4860 2241
976 956
1909 3186
321 2210
960 4919
1501 4225
1783 1618
4570 2045
3282 4090
98 3975
1263 951
4264 903
4214 2725
1013 4026
4261 473
4945 3894
3591 4588
3419 3106
2742 3259
1985 55
4820 1923
2196 4946
421 1259
3075 1943
2425 1436
2664 507
4115 2739
2285 2214
1069 3366
3990 126
4697 4588
4738 1989
4319 3687
1591 2271
3851 2902
2671 3024
291 3549
441 1899
2897 2968
2155 1333
2593 205
1287 3785
812 3865
1623 2610
3280 4335
831 2844
4862 3286
4891 4157
3205 138
4421 2596
1485 548
2861 2845
3422 4014
1021 3714
3223 4109
3333 162
2222 553
4052 4811
1210 1762
137 1216
3839 2524
1926 207
966 1641
2119 3010
4083 1588
1418 570
1785 559
2348 4681
4009 493
1712 164
2606 4604
690 1779
487 4106
422 1876
4837 139
2292 3140
4812 2881
2919 4437
1647 3708
1016 2464
2613 2844
4203 576
4294 1909
156 2608
973 4106
3486 4069
4302 3911
4516 2959
1913 4412
3295 2756
2961 431
2423 2230
150 2333
569 3086
2829 1372
3594 1903
889 2323
2342 1930
439 2801
3855 459
2742 1528
2745 3094
4626 2609
2335 1097
3265 4479
3028 4009
1248 4174
3338 3324
4071 3615
3671 3514
3518 952
1656 4941
614 2446
1625 4029
3330 1788
2954 3012
4976 4078
2648 184
4786 1741
3233 939
3638 1262
3091 1279
3416 4759
2983 1936
331 1900
590 4456
1186 3068
1040 2422
4250 700
758 2632
2833 1029
2213 143
3042 670
3048 2945
1594 1718
4853 1966
765 4201
2737 3397
346 2605
1157 1982
1635 4344
2383 964
635 4383
2944 223
2243 3947
1929 1721
4074 3013
4462 2015
1867 3965
2565 3465
130 478
2350 4821
4569 2572
2697 4860
4313 282
71 2802
2437 954
4221 4722
1571 2369
579 1130
77 476
578 2556
3657 1178
654 1873
2402 4414
1115 1768
2440 2124
1909 2495
4392 4923
3453 1629
2915 4523
554 3837
3356 1907
3504 1845
2169 3234
53 3129
56 3212
4844 2859
1824 4776
3155 3056
2335 3266
3318 2852
4354 3193
204 711
2684 3917
1113 1395
4570 4710
4831 4208
3812 4126
4560 4746
1903 4553
1252 521
528 3725
4262 150
4498 3317
489 1022
2111 2711
3062 3107
2243 1967
929 4651
4070 4019
4882 1356
4834 1339
4256 2308
91 1521
1010 2831
1405 2211
1623 351
3000 2060
1550 1215
255 434
3654 169
3402 322
3310 1344
3583 1659
1960 3734
3667 3287
1763 719
2332 1040
4106 4945
979 1528
591 4167
626 4680
4699 3976
3473 1
133 4161
3352 4338
2661 4636
1438 3645
3096 4067
4033 720
2005 574
3400 3861
610 1305
3851 3752
4413 149
3241 4781
1359 2738
407 386
1966 1382
4291 3577
3391 1390
1857 3379
4210 4160
2289 2903
146 2295
4569 3904
3526 3476
3087 216
3634 4865
3703 1716
983 3457
4832 4306
1082 561
2792 2050
2483 1031
1037 1405
745 3617
943 3144
4710 2989
4643 749
3773 884
2515 4325
941 869
1102 642
1548 4975
4145 631
4415 3071
2517 4198
4330 3871
2017 2273
888 249
2469 749
1508 1908
189 3845
3705 686
677 3570
3007 2482
2477 4736
1584 155
4035 397
2852 3430
1076 719
542 4286
1673 3436
4572 3548
4505 4633
4195 1443
2167 4687
3589 4005
2076 3950
1108 4687
3420 4170
4809 2711
2228 3769
4367 170
2716 3183
2973 1582
2880 4596
3617 3415
3314 838
3694 4256
4760 3477
4167 830
2009 1362
1684 3366
2566 4254
1887 2252
1493 4535
4200 261
3336 2600
1170 3047
2026 4781
4834 4824
1489 624
561 4419
3006 4880
1050 3208
1795 105
2135 2006
3523 129
3533 2988
1417 1924
1761 3451
922 4647
1163 2087
2650 3868
2901 4336
389 202
2158 3211
1371 3060
3618 4945
1666 2914
1060 4125
3730 2778
2392 1931
3152 4111
2187 3489
2890 2363
1775 1778
2223 1768
3586 2923
3891 1700
55 663
2686 1506
497 472
4708 3850
3625 436
166 4871
766 1838
2667 411
3838 496
3236 304
2453 3628
3930 1767
2782 1920
4326 3285
4588 1007
4024 4932
2058 637
3 2056
2921 2950
586 4137
1639 3217
1871 3537
2586 3938
365 4124
3476 3927
4629 2098
2316 339
3695 1554
868 2554
1738 342
4496 3060
2486 1403
334 4385
245 3962
1288 4254
2113 3776
256 1177
4046 384
3568 1807
998 147
2812 1595
960 1494
4075 501
1821 2042
1452 3680
2405 4252
4545 4325
1746 3316
2900 1101
659 1340
1108 2541
950 526
953 2884
4107 3519
4570 2007
1585 2581
4081 1787
210 1160
4223 1703
1368 4233
2212 975
1414 2607
871 534
2921 1366
2114 251
3223 2923
1233 445
3705 2278
561 3365
4980 3042
4902 3890
4707 944
4842 1569
1500 1717
2765 4394
1924 441
506 2061
2896 3297
1793 4480
4458 3437
4071 3323
616 2118
3269 1474
4368 1257
1960 3742
4767 2875
2632 1931
557 1033
2546 4121
3866 2911
4876 2486
3670 2203
132 2658
3104 3604
1867 978
4978 3041
3527 3129
2912 3709
2487 4928
3420 290
2508 340
3616 3764
431 758
2676 2930
2046 225
4944 2110
542 3130
2601 274
167 4747
3268 1908
2715 3656
3096 1018
4874 1645
4470 726
3536 2831
2359 4292
922 1169
2612 2366
3720 3248
4580 1537
2953 4746
4466 3507
2893 3706
1988 758
3918 469
4481 3766
2054 1617
332 3970
4870 2794
3208 416
1208 2592
2613 593
1972 1787
3070 855
3030 3194
2601 2414
1155 1324
131 4883
2523 1046
4514 4714
3719 3501
4654 2922
4412 4374
1990 2822
4609 4551
921 645
2526 4930
2966 1222
883 1297
874 3020
453 4026
2813 500
816 583
4197 2285
1724 34
4254 3650
4388 3104
4110 846
2946 1693
65 4193
1419 4486
2201 175
4306 1532
975 351
3094 2963
2097 2608
2343 1074
4016 3262
2340 3815
1174 4267
4700 2743
3358 1222
2934 2810
1195 4902
2406 1359
2015 3960
2295 4759
3154 381
1729 4989
2542 4576
555 2
219 4502
457 1863
4097 3335
4754 4765
430 2876
295 3881
660 2118
2258 704
4586 94
1999 3291
155 1874
333 775
283 1031
1147 3282
3644 2301
1576 2937
3879 4403
1298 283
3819 3870
2184 2729
1851 2710
567 2609
570 2503
4149 1211
1294 2505
350 2566
1623 3897
2911 1844
3829 3156
2634 1925
4381 3022
2351 341
2632 4511
2303 3
1949 4862
3127 1341
2222 3143
1606 4686
1689 482
3394 2841
467 4842
2448 113
3461 3237
3747 3617
2237 4340
2271 992
3974 976
1514 3456
1460 3674
2072 760
1425 3996
4481 997
3540 1664
3637 1116
64 1660
2572 1217
4679 2318
3693 3611
356 2585
4909 535
2921 4104
774 3674
774 1759
3540 3480
2701 209
916 3283
1623 3364
851 391
2749 2082
4097 107
1219 2124
2161 4494
3899 1082
1853 3075
1717 1409
3832 2725
2620 1998
3995 2120
3336 2595
2825 4760
2779 1210
3704 392
3439 1409
1238 4798
2651 4869
4693 2264
1208 3606
2518 155
422 3085
3331 3048
3188 3846
650 1917
236 4815
3468 4774
763 2925
3829 4442
2283 1207
2982 3600
886 1280
55 1873
4913 407
3276 3894
1498 1048
578 2631
1664 3954
2271 4485
1031 3434
2323 671
1044 3108
867 3305
927 3228
1885 502
1601 1472
90 2692
2377 4983
2035 2282
4473 3488
458 4532
2322 1169
4358 974
4666 2086
2696 201
4650 3597
154 1985
707 778
1387 2431
966 3827
1948 1908
2875 2040
4154 3550
2064 1846
1403 288
917 888
3758 520
2151 4044
2486 3120
3493 2328
319 2613
2230 590
4116 4179
3629 2366
2109 311
4373 4994
3215 3131
4631 4176
2637 124
2144 2066
4328 4369
78 12
4523 1059
3762 809
375 2367
2038 1792
1903 1970
3431 198
1016 721
1313 4943
1574 1545
2155 3242
4079 1742
702 3075
3956 3223
834 307
2649 2653
4795 2257
3772 4560
879 3238
3266 1243
336 1609
4341 1162
2931 3391
3759 3427
4232 3048
4160 667
378 1966
1842 1732
2925 4671
3869 2363
3692 1266
3844 1579
4256 1456
4398 2612
3999 1065
3390 2089
1526 4712
2245 2284
4846 2485
1722 2643
184 1118
3122 2643
3086 3378
2456 4948
1583 115
2244 745
1739 672
1531 340
3216 3461
4225 1038
3998 4566
4338 2884
155 3836
1358 4829
1416 4642
2347 2765
748 4179
1818 3164
4640 3263
564 2173
2288 4372
4899 4739
1058 3985
478 3016
3589 3223
1660 409
304 285
4573 2000
671 3173
1444 329
4425 21
752 4867
3479 2292
550 3136
2098 2821
2681 1853
3977 4647
875 1372
4337 1584
1399 133
1822 3039
4768 2329
4579 3650
3188 1519
4025 1009
3251 2726
534 4407
391 576
782 3721
985 548
1691 2613
4205 4198
1644 2802
2202 4536
2870 2269
2119 4515
2697 2536
108 2493
2462 273
3029 3044
1405 1115
2584 3506
686 2306
1003 4393
2883 1426
2896 2710
2645 4493
1951 2901
273 4911
1687 2149
1806 582
534 2446
3511 3809
4677 933
593 969
3283 734
2168 741
2384 2229
4987 1754
4391 3870
3750 3760
1389 2464
1787 4001
687 1941
2068 2976
183 4062
3813 1342
4666 2866
593 1134
543 83
261 4619
3903 2902
3987 1508
966 2090
2177 2696
2670 1967
4780 1380
1544 3783
1147 2262
521 4333
561 2051
3633 3214
1905 3788
1451 2172
147 425
3723 1087
4179 1236
4253 3244
2796 2258
4829 4721
2374 1549
14 4605
3581 4363
4069 4753
164 4358
442 4564
3528 2968
3583 3165
4388 2978
370 4303
198 469
4841 1510
3407 173
3008 4687
4181 1643
1134 3458
4099 1598
1545 4634
1073 4026
3042 1845
2638 795
3346 2366
92 3830
2513 1374
3086 3944
2569 1001
2058 3234
3090 4006
4211 4265
4658 3211
2727 43
1932 803
3866 3702
4548 332
3564 636
2802 733
1482 2104
4671 1362
1970 4143
2787 1578
4545 1882
3605 7
573 252
4108 2232
3347 3562
290 1770
1799 2824
3713 717
1791 710
4369 2032
4071 1347
3820 4428
2232 2248
887 1373
3512 2268
2967 2403
4620 3464
3486 2097
2170 4480
3489 2464
4277 2682
2453 1304
2378 2624
3522 166
97 1789
2182 2173
3900 341
2936 78
4480 1868
248 623
657 1651
2254 3841
2084 3164
2613 3127
3838 3794
1279 4565
4426 20
1726 4812
1212 949
4863 4843
669 2995
1497 1210
4154 2797
2778 1156
1565 2097
4140 4898
3631 1844
3076 1890
3414 1538
778 2131
4544 3195
2570 4572
2234 1338
1826 101
4797 186
2630 4701
2869 1297
4075 3455
2730 2121
710 1433
823 4614
414 2427
2276 4760
4100 2226
222 1597
3838 601
3293 1510
4004 2473
2723 26
1727 4873
183 2396
1235 2146
1493 2826
3680 3259
3320 3287
1672 1963
736 1504
1377 3781
1215 3817
1032 1455
118 86
4277 2035
2179 1111
2325 4010
2419 2551
607 4847
3451 3693
1936 2522
1753 4592
2117 4788
2764 680
785 4677
932 529
2606 821
298 2374
825 3949
3796 204
3425 3499
4695 660
4480 4367
4702 2841
723 4559
3320 4997
4214 17
776 4118
2164 612
4912 1627
2313 2387
3704 3261
2689 4560
4415 463
3853 3732
1029 241
506 4977
1771 4727
2387 1411
1405 4676
4688 10
2168 2053
4486 2272
2411 478
2892 1962
4007 4528
1756 4598
4465 3685
3246 573
2618 644
4233 1810
1421 4393
3675 4435
2748 351
4066 1374
2130 1108
3830 127
49 514
1651 1901
2713 765
2999 1520
535 3938
2431 1475
731 1385
2184 3103
4765 2129
2030 4275
1690 2393
746 4967
764 1370
2945 3743
1427 4677
1860 1266
1883 3208
2689 1063
1513 1673
1173 2051
4336 2622
456 2844
2793 4539
760 1053
2159 6
1818 3687
2388 417
1939 1807
2496 699
3622 768
3270 2747
4029 4783
587 3989
4221 2683
1294 4775
3691 1272
4291 2720
3375 521
2735 1452
739 2231
4094 2071
2102 1682
2613 1000
2592 2206
3567 829
3934 2533
415 743
1213 3896
956 1912
1196 3229
4896 1258
4083 938
109 252
1843 3248
354 3487
542 3705
363 490
811 1306
4264 1057
984 2951
619 4148
2000 1272
2866 3560
2537 4616
1423 4803
3614 2234
1316 544
2960 4421
1557 1289
4231 4842
800 4486
4423 460
149 2545
4592 3546
4735 2013
3680 4185
4329 949
3576 3295
514 3328
3715 1581
3244 161
3506 1939
1719 1249
3805 2051
3878 1932
1187 3072
3972 2259
2881 2795
1671 2176
325 2308
3375 3217
1249 205
261 1493
3143 1664
583 2154
1283 1713
488 1967
3293 1517
4968 663
822 1161
4255 1711
3680 923
935 3003
4557 4405
3031 2051
3138 4154
4895 2985
1071 4287
1387 1644
3989 3971
690 3223
2939 3617
4264 608
1577 1129
4956 1044
4157 791
2958 1437
4064 2249
62 250
2043 2144
4898 4955
4643 4787
4575 2630
440 599
749 4538
4525 4116
3279 1071
738 2041
4735 1920
2712 3663
201 910
2106 3524
4154 3953
2374 2006
4384 294
3106 2928
4693 3656
3536 1703
1545 44
243 4848
4162 666
1301 1609
4476 3370
3864 4388
3671 622
3561 18
664 423
3728 3105
2858 4587
487 4123
2499 4271
1768 2153
2619 3296
1422 1801
2598 2593
596 1061
2597 4787
2688 1360
1136 2947
2850 4884
3110 4387
2520 732
3928 1239
2035 581
1487 4806
505 4690
1377 2572
479 1638
3677 4224
1906 2790
193 1228
1025 1220
452 4692
2002 4805
3299 2690
4679 402
1056 199
591 210
406 451
4240 2177
4145 2345
2879 1172
4486 4114
176 3843
1471 15
1782 3996
2838 2821
3932 1464
249 4974
3989 2034
1056 1767
1576 2009
3607 945
1086 1651
423 3008
1577 2914
979 1268
3662 4876
1442 1455
944 87
1090 3538
3990 893
2838 3497
4673 2344
3810 3591
758 4906
1809 1278
2364 2671
1839 4242
607 2587
3823 437
1346 4130
1778 3469
1437 3681
905 3077
2707 4794
3425 2226
1949 255
1720 4741
942 2555
3602 291
2708 1492
895 593
4486 4150
2317 4054
3745 2746
3102 3459
1901 2864
2979 4336
1128 4598
1976 1321
4971 3378
3096 4530
4908 3598
447 224
2654 4290
1205 2037
462 2087
3793 190
2312 3347
4787 3023
3425 1638
2080 1449
818 3742
1512 356
621 2815
2361 3598
985 3825
3722 2290
396 3652
3446 4909
2876 3917
2248 2364
4789 1852
2108 2328
4867 4121
1154 4922
1932 3674
3124 2423
1442 3300
4163 3178
2297 4244
1211 4593
1600 2753
2083 2481
2208 3738
4733 2603
1317 4709
1022 3998
170 900
3589 4228
3933 1285
4560 650
2979 1431
1158 4802
2917 4402
2519 1712
3300 838
4814 1483
4111 1255
4688 1304
751 2839
2942 2488
1269 2613
4273 387
4713 3309
1218 989
3302 4785
3195 3030
3648 2884
4747 3675
4683 1390
1031 1
1550 486
1607 3072
3977 88
2488 4995
2027 473
1632 1831
1929 4947
1416 1715
351 2161
4818 1964
4050 2982
4410 2903
2306 345
3266 3509
3391 2916
1626 724
4074 3292
2605 3482
3171 408
1993 2668
2558 2613
1335 407
4948 1080
3116 3212
1506 2776
2836 2486
736 902
291 1094
3741 1541
3950 719
1272 1144
3412 4616
800 4336
542 576
1391 2313
4453 2747
4540 2531
2405 1521
1520 3234
236 1900
4021 895
4267 1846
767 181
2152 4479
2265 414
1070 3536
3949 33
1468 651
4782 1339
3691 61
2553 2555
3040 996
4434 2254
2157 2389
4508 2987
676 489
3811 3833
2488 4245
1869 1201
1227 2124
2606 1291
1132 95
4217 2750
119 3604
1230 4467
3620 4033
2511 4956
2845 649
1534 3088
3116 4093
538 4344
2735 1552
4171 1
4075 4146
1803 2015
1790 109
2151 2935
2335 4421
3765 2251
1521 3092
3808 3041
80 286
4298 947
2605 827
3260 4490
343 4999
3623 2207
1587 1945
975 4912
867 3957
2865 4337
168 365
174 2504
2100 2440
399 3016
171 3551
4163 3697
1987 2799
3201 2313
2607 4878
2795 157
4271 2046
1684 2243
2941 2118
3447 3993
1660 4943
2144 126
3691 3354
4765 4523
2632 4708
4390 3484
2424 2787
2205 4311
2088 240
4246 3785
2364 3336
697 2068
3925 2594
1441 2703
4139 2783
2294 2577
3716 3257
1363 4321
3172 1359
2496 63
69 3166
1441 4272
4019 1381
1166 3203
2144 4238
3823 2874
4358 4993
4629 825
3544 1020
4437 1841
2563 3631
77 2728
320 783
4038 1169
622 3986
2161 259
4887 2954
3443 4531
1822 428
4885 746
21 2867
857 1403
4002 4957
1683 819
2232 3351
3975 3757
1510 283
3325 4386
2133 552
4851 1418
3357 2729
1769 1666
87 3160
2339 1797
975 3614
474 1394
2 2500
2112 993
3668 4099
3643 553
3157 3537
52 734
214 261
629 4204
2115 3494
25 967
3796 4520
4167 2138
2340 3208
3875 1001
2792 2207
2742 2109
4454 1943
976 911
3689 3963
211 290
2877 3878
525 2975
4477 1369
2791 2640
3231 1792
1973 4020
4800 4737
4525 313
1023 4150
1699 4450
461 64
4310 4494
1019 826
2296 4380
4963 1214
4412 1122
4903 2384
1745 4604
1351 47
2116 4217
106 3711
2898 3621
2532 137
426 2562
2939 4180
178 2958
3938 524
2561 4587
516 4330
2808 1986
2645 3989
1804 2747
3196 3841
4728 1030
2077 933
1031 3536
1979 396
4723 4061
92 1124
845 731
2639 4637
2380 1948
711 3752
4336 2896
775 3718
2718 1643
139 607
2025 3375
843 128
1170 2040
2881 2815
1550 1201
3041 3340
2795 3744
3247 4483
1130 768
1437 1911
4830 1075
778 1659
4487 2398
2168 1050
317 4853
4902 2160
1604 4778
3981 2467
3963 3424
2076 4757
125 1031
4756 2776
2830 2250
2513 450
4854 4975
2479 3604
3737 2028
1487 3337
234 3901
2169 647
4948 1819
2522 2562
302 3823
4550 4111
4378 3136
667 59
2079 2591
2598 4997
4074 4690
4097 4991
2477 1776
1040 3788
1707 3972
1904 976
907 3771
4142 3120
3272 3463
3859 207
4313 1375
4905 1817
1318 1809
568 1334
4018 236
3946 716
1999 329
1501 4343
2355 1468
623 2076
3872 4072
2180 4177
4921 730
3514 4687
4388 1050
3207 4518
1362 4583
2217 4428
3937 778
30 3086
4132 929
4792 3519
4999 4176
987 534
2073 3647
280 455
186 2777
1711 403
44 2528
4897 1366
1507 2453
3936 1298
2828 356
1016 921
1814 4377
4833 4514
2345 1414
1570 2360
1840 1586
4813 732
3417 2207
787 2578
3061 3067
2910 1770
729 2067
819 3553
2935 3664
936 2440
1073 1811
3266 4714
2048 2759
502 1291
4048 2634
762 3251
2773 4385
1050 2207
4172 340
209 1312
3902 4888
2021 2535
1958 3981
2623 870
1692 1089
839 2244
3601 2958
4653 3739
4424 2120
1239 3250
213 805
1085 1844
572 1132
2436 2039
2012 1326
1379 4257
2632 404
751 1957
1267 3525
1408 4746
2145 2690
725 1581
2353 2363
3614 1630
1897 3094
1489 4789
4839 2151
4609 819
513 4237
3980 1654
2386 3948
3705 4247
3651 2182
3676 112
4040 2989
2751 1766
4522 3508
1062 3510
1766 3877
4061 1871
3334 988
2183 1542
4399 798
1933 2426
2920 1038
4167 1674
1886 451
95 890
44 1226
4404 2906
3934 3478
3799 540
1291 4618
4743 1316
2450 774
2801 2708
2770 4799
3585 1205
807 2696
4862 958
3404 226
651 2924
988 2210
1458 4671
1960 4850
2065 1070
2469 2491
495 2062
861 1256
3547 3536
3033 1247
1924 4948
1176 558
3396 2031
3255 3140
2022 47
3133 2192
2199 1060
1737 3396
3190 2282
1926 632
4385 602
4370 870
4557 341
1837 4917
1849 4846
3047 1571
4388 1348
648 413
4956 3770
1447 2581
1180 407
3097 1420
3271 4827
1576 1054
3448 3790
2385 2554
2729 1381
92 3143
308 3842
340 485
3471 2682
4582 2575
1134 3319
2150 3074
4127 3844
919 3075
928 3552
1143 1055
3343 1794
2300 1782
4772 947
1006 1844
801 1131
1975 1916
1135 2553
26 1093
3998 4041
3721 2860
3846 848
2658 4687
4291 1281
1751 3269
4935 3338
260 386
3852 400
920 3375
1250 2572
691 4309
444 857
807 1200
4129 1781
72 3116
731 4340
585 3198
352 554
1455 715
2482 2939
2107 492
2569 1304
4709 9
3221 2398
4342 3001
2567 2273
3344 3591
2893 4135
4749 1354
3434 1791
4359 2412
1993 1595
2234 50
4590 4012
2972 1016
2060 4588
1158 1629
2418 4358
2650 3182
1498 4122
1000 2525
998 1448
3807 1684
2054 1344
3646 1634
3788 1434
1398 960
340 3307
2009 4959
1245 92
4127 672
4402 2705
835 2704
3674 1633
1965 4040
4893 1003
3084 3313
2676 2490
2923 4811
2732 238
2774 1477
511 3826
3698 208
2814 378
269 3127
3880 3318
3259 2567
603 3931
3751 643
1685 870
324 3624
3887 2236
414 4772
636 4500
4181 299
3393 1634
1331 993
1323 3440
2680 3162
4814 4509
3319 484
531 2218
2020 4464
3372 4016
3851 2560
104 2308
1984 1589
3619 2237
2804 3326
2615 4323
726 4986
3849 3637
3384 200
3266 1792
4620 1004
3468 2769
2103 1454
1278 536
1767 4526
1402 2222
869 1205
3440 4240
1070 3907
2583 257
3892 4125
4366 2363
801 1179
4089 3605
3588 1871
1062 3521
3712 1709
4435 4926
4860 1956
2171 568
4055 306
2579 2987
2243 4531
3901 4703
4938 2810
339 2856
1107 2266
3542 1999
4883 2079
2403 4345
2682 2191
4464 290
3196 863
3635 4393
4067 4446
4057 73
1873 3727
2401 432
4948 4087
4621 4279
2306 2082
3591 187
3806 2429
1688 2137
4569 2752
3710 22
3048 2433
4314 1800
816 2079
2697 4950
1058 4371
3536 2738
1618 2507
878 2
3943 1150
2538 4910
4403 3590
4019 4189
2099 4460
2737 485
2052 1237
4593 4875
376 1828
2993 2368
3851 2201
4794 1098
2735 2630
475 234
4969 1680
2048 23
3557 1960
228 32
4318 760
2094 2336
764 578
4675 4311
1014 1915
4198 4337
2521 4458
2178 4286
1567 113
4710 582
2461 1545
1257 1412
3200 1463
3087 1449
3650 1162
258 1800
3896 3060
2488 3559
263 1212
1691 4622
711 1482
2489 3963
1623 2008
294 784
3765 1725
2642 3546
3391 859
937 3976
296 4330
3353 3445
477 1986
4335 1123
3617 3475
768 3758
4625 95
4774 1894
388 2818
4611 1205
1377 3894
385 1699
959 749
3144 3967
3509 328
928 3177
716 4291
1871 2431
295 2246
1739 2019
4237 3381
104 101
1500 675
3055 3916
2710 4698
4996 190
2443 1397
1966 4151
4998 1818
4460 1390
2967 3998
4160 4267
2309 1793
577 234
3226 4722
1011 2088
4791 1991
2614 911
925 1278
3729 2182
551 2663
4128 4954
652 3086
4810 4010
2090 4422
3207 2145
3639 2094
2383 3345
1661 3909
688 4092
1740 2548
1459 4138
4918 1473
2751 3585
1663 1132
4357 186
4408 3752
4290 2014
1041 3710
467 2475
4505 4722
423 410
1545 2655
272 1235
346 2268
1065 1337
46 2444
1997 717
2469 4560
1785 3777
1205 1381
2048 2144
3091 1175
1936 297
2394 2700
2649 4553
1040 1793
1590 1312
82 2967
3258 4105
432 3204
1684 4825
790 4271
2788 1520
1740 2161
2571 1004
44 723
2762 4090
1346 1105
1513 1271
1978 4483
629 553
499 3087
4436 3083
627 4462
2125 1707
4027 1964
2859 3109
153 3813
2710 976
1191 4303
1818 2958
1346 3253
3062 2321
714 1573
2210 2512
4388 3752
3771 2620
1466 340
4677 826
1463 1838
4417 4117
1860 383
4447 436
590 4387
1345 3808
2301 713
3629 459
4948 4094
2351 2566
2662 4216
1593 4510
2021 3213
3093 66
4730 2838
2626 1546
414 4336
1469 2953
3554 3833
4322 4855
1112 2046
2940 3951
2361 2996
3486 3996
3180 1244
4941 3577
277 4343
4569 2027
2971 2939
1937 1414
4024 944
2209 2557
1222 2582
2283 81
3128 2775
778 4799
2743 3982
757 2512
4504 4445
4531 567
4477 2376
3376 1389
2428 2313
2942 2310
1449 2568
3319 1384
4967 1477
831 888
1226 4307
4057 257
2991 816
777 4001
2171 1568
1633 1052
4789 4997
4185 3008
3044 2482
1286 3913
2636 2499
307 3442
1681 3639
3326 1304
3889 4352
4385 543
4215 4992
3726 2141
1265 4097
471 3720
2650 2735
3119 568
2470 2885
4483 1302
4528 2199
719 2163
3951 469
1486 1469
4085 410
1017 233
847 3234
2721 395
2768 2361
3524 1907
4674 828
2335 4151
2430 2772
4395 2836
4620 3741
1755 2781
871 1879
182 3090
1658 1544
3034 4372
2197 4472
1080 1202
1144 2846
2323 1310
2277 1031
355 4295
3657 3176
70 1609
3045 3266
639 455
1793 2183
981 3174
3601 753
877 2351
4589 4111
2445 2008
4367 84
2591 3245
1512 708
3194 1920
273 1944
1110 3835
2139 2010
1101 867
196 410
1817 362
1821 3492
4531 3259
4849 2040
1187 1953
1428 1461
880 1398
142 3081
1780 960
4461 1549
3976 1109
3869 1248
161 4091
733 3281
3817 3675
1057 651
2723 1703
779 1909
2918 1298
4902 2849
448 2142
854 19
4207 2586
4165 488
278 840
4494 4656
1527 780
3854 2119
3998 2901
3012 2273
4160 1203
2642 892
3185 156
102 4413
512 332
4 1821
1393 2756
3627 4695
986 4251
1853 4185
4282 1570
3950 2078
4906 2444
1240 4573
1022 2888
502 1875
1767 3205
3891 2282
4979 1187
4710 2565
4589 3541
4311 1731
1100 4155
398 2656
2124 2648
309 553
3682 3223
4213 3079
3389 2894
4152 191
3170 833
2349 2198
1481 4727
3254 816
369 2424
1166 984
2413 2056
1991 3059
1221 3144
4720 3148
3523 3636
1829 2510
696 3317
1132 958
2620 4249
342 3575
2464 2307
1284 3710
3208 2309
1340 1957
2872 4062
3779 1952
1621 4759
1655 3303
745 2799
1853 469
3532 883
2346 3786
4603 1023
4795 4080
946 3443
1950 1657
2714 833
1562 793
4751 4594
1645 2939
4951 3513
1501 4358
2827 1963
4527 2387
662 4453
1142 57
2843 2337
4531 4051
2326 3358
2741 4484
316 178
2210 3983
1083 1987
2668 2611
4572 2255
4366 3056
1823 2336
1567 2381
1039 4094
3666 2688
672 1933
2742 4975
2551 4598
2391 2971
557 1047
1050 2302
3726 4184
3093 2481
3015 4906
4031 1288
2619 167
1118 1572
2995 4772
130 4731
4609 658
4247 1824
4810 370
245 3070
1308 2212
463 768
1970 213
2085 787
4047 1056
4171 2604
563 4189
716 1922
3025 420
4918 750
3425 4411
3361 4132
3605 1908
4002 2765
3971 4465
36 3512
2881 4659
1137 3048
1386 3075
2845 4442
4259 2717
2063 152
4431 4878
1612 3165
4494 1981
842 2311
3423 1538
1558 2005
581 40
4537 2104
1174 1607
2091 1903
1157 1679
2994 2674
3448 4874
762 1681
4817 209
887 4660
1446 4005
2944 2928
1740 2027
2522 3461
3806 1847
329 1538
2011 4834
246 2072
4522 3792
4200 3898
480 221
1243 4347
2195 1155
3757 904
363 1681
3784 744
1389 3728
4919 275
3134 416
1887 1007
1531 4758
4614 65
796 2539
1444 1921
2115 3178
965 3030
548 1225
1768 1586
1157 3120
700 362
4136 4640
1189 3715
4859 1556
217 3431
2270 3157
4976 2359
2994 4483
201 4964
2330 896
1106 914
4375 3297
4629 4249
2228 1031
1645 3932
2625 4779
780 503
1678 881
3884 532
68 1518
401 1458
2771 1928
5 1311
2716 1694
43 461
4821 3787
1215 523
1711 310
2946 4960
2405 48
1167 3168
933 866
4855 3578
1542 815
672 2480
1448 4399
970 4112
1914 3244
4360 1988
1284 2476
1194 786
3060 3084
592 200
1859 979
1566 1401
1884 3642
134 4415
4867 2871
4711 2577
858 2894
237 651
595 7
2333 3007
990 2562
4191 1164
3144 4389
1926 1072
1253 4939
1853 4241
1599 1725
4434 2663
2992 1284
438 3354
2733 1771
4067 4497
2365 2694
4401 3005
3023 2238
1891 1954
3 188
3868 3678
4882 1633
1792 833
2340 3401
247 4338
1824 9
791 804
760 2152
510 3221
4288 4127
3409 913
2102 798
4598 336
2562 35
3037 3683
1258 1071
2377 1979
3582 3925
3745 2832
1297 4349
1154 1077
3025 1888
4394 3428
4199 1259
4276 1217
3798 4737
1123 4421
289 1536
2933 681
2643 4351
111 2220
4266 3656
3686 329
1081 2361
2923 2686
1539 2934
3614 60
119 2955
4969 746
1170 938
4866 4188
337 1618
4063 3399
4796 1028
3394 4119
2267 2279
3857 4262
418 3951
1235 2688
3842 4364
2111 1214
634 2243
4135 3363
2222 2224
3391 2260
2059 2956
4531 963
1345 2416
1120 3661
532 2675
4067 3904
1748 1169
1139 2661
4426 1763
4704 2429
3677 1634
2173 3100
2578 1666
501 894
354 3684
462 2247
332 2835
2144 3168
2648 2470
4135 2501
1068 1822
4532 1108
4031 3064
3240 2712
1976 2835
1793 2414
4064 831
1066 847
3076 4864
3522 227
2458 770
4473 2122
3219 631
2648 4382
4556 1871
3036 2078
3734 936
1889 555
4540 1533
118 1008
3505 4147
985 598
2395 2217
4747 3015
1834 1215
1152 4215
427 1079
650 2634
291 4398
3654 352
3303 353
1381 4712
1068 1547
1293 3904
2454 840
2565 2908
4475 877
3868 3278
1524 2285
483 3949
485 2533
4718 968
4921 4498
4692 3856
1618 3895
2902 315
4563 109
1836 4124
1829 3900
1874 2288
4010 797
3227 351
718 3451
2713 3604
1746 2286
746 1513
4587 1668
440 4708
362 1304
2699 331
587 1299
4828 3560
4963 327
4386 2322
843 3350
4556 2816
4017 227
1319 4883
3027 3397
4173 2351
91 3736
2320 2819
2345 3203
4697 2651
2533 1727
1961 3387
4767 1091
1182 2516
1428 909
4763 4404
4638 367
1115 939
117 4508
2403 679
1204 2371
1141 1939
3077 4816
1823 2274
2459 1048
165 3778
2038 2987
1903 4022
519 1146
2027 1749
1506 1488
1649 2305
1971 3248
2196 326
2341 2965
2492 4525
4749 1960
1827 1609
4717 2287
4920 1196
4970 3491
4513 2379
3766 1838
4663 141
3338 4714
3315 885
124 3543
4271 2638
1478 3495
244 786
1108 2173
2826 646
857 4590
2494 3610
1527 2740
3867 1093
3901 2482
615 2168
4285 459
3832 1002
4418 1095
1832 3321
643 1035
4741 4570
2596 1186
3294 2637
3326 4616
2702 4281
2497 1205
943 405
778 4381
3435 2666
2046 1074
4677 1234
34 4828
1257 1119
396 230
1407 3785
1352 1709
811 4502
720 4458
899 4047
3783 39
2324 944
1782 3724
2944 4763
2945 3247
2139 4546
2243 652
3530 2150
4747 3969
2658 1854
2330 4588
529 211
2360 3307
3192 4095
3704 607
2440 3312
4904 634
1232 2415
4077 1933
417 4222
1771 3804
1740 2230
3049 2544
4879 853
4892 2210
4891 747
1153 2708
4032 1801
1957 2550
3739 2677
1640 3050
1702 3409
4907 2608
3775 2486
4535 605
3748 2683
3075 209
4928 4772
2613 3444
868 3603
4464 3055
4327 1550
1528 4962
2074 3002
2730 4809
2426 586
2049 4154
1790 1687
1260 411
4113 3396
815 3284
3326 643
4851 2602
1858 539
1760 4235
2472 4076
3989 508
1931 1104
3712 466
2806 568
326 3816
1081 4311
144 389
951 2022
1384 915
810 1243
1787 4154
2012 983
2452 1802
1046 2866
195 6
1293 100
2696 4748
562 4256
1873 2156
971 4104
4840 3336
1181 2395
1479 4457
2754 2649
1615 4256
4956 2168
1215 3078
1453 1150
3142 4805
2979 2231
2189 4634
2240 742
4970 2358
4164 1723
3515 4501
2105 45
1915 3998
2152 3140
2831 137
2437 1102
4069 179
423 1858
4107 4382
1934 1417
3403 2937
2932 547
1713 2276
3809 477
2626 4622
33 1969
3081 2734
922 3242
545 3465
1086 69
4336 1708
451 1861
1003 3086
1880 2736
3413 4388
4309 2680
3834 2323
4385 3490
2790 3273
1611 1946
102 2509
1158 1276
2893 1207
4063 1538
3979 2987
1369 2132
4277 802
3452 4348
2121 709
4927 568
4788 599
1134 3536
4274 2876
3297 143
1112 4678
2766 183
419 4151
2339 386
2468 2856
3080 4356
4042 1502
2050 853
3008 2141
454 2572
2424 3119
4814 4550
2945 1863
4992 625
3295 4473
3555 3785
2082 3998
3975 4344
2681 2702
3479 3579
2362 1696
1689 1226
4848 1314
1122 590
2989 197
2023 1752
1217 2993
405 106
3561 3700
3412 991
1965 2113
4335 4654
831 1514
4667 2964
364 3536
1355 664
1378 548
2686 2404
3498 4642
2962 2
3163 1706
3411 4086
2186 848
2756 1968
4805 2914
4400 2606
2161 4670
4488 4260
4160 1452
3535 1815
4727 612
4623 1341
2873 104
4696 560
1676 3158
2643 2334
537 2679
2029 4630
1680 1383
3082 2139
3120 3476
1650 3710
975 1210
4269 2076
4260 1750
1604 872
1304 3260
1155 3485
2686 926
1361 3402
1771 4336
1238 209
244 2689
2405 4553
30 2903
4906 2819
371 832
3472 2992
711 4110
4829 2964
2150 267
2665 3866
3377 485
2459 3591
826 1502
4264 4990
3681 3043
577 4752
711 2982
4894 1428
2090 1877
1177 4117
2095 4708
1457 2160
644 2166
1665 857
2845 3529
395 3171
1275 2711
3920 3494
3750 443
2660 4994
3862 3357
2840 2531
1692 194
4852 3123
1219 3567
1756 1587
4199 4291
2185 2907
4256 1373
519 895
3582 3924
4981 2931
502 4192
1396 4655
3613 4595
770 3919
4043 612
976 389
3267 140
2139 3976
376 4872
1835 4816
1918 1987
2870 727
1267 4340
3189 1254
4240 4839
4298 54
1815 4267
198 2617
2005 4127
1808 4417
2935 398
2826 3763
4558 2942
3963 2434
2044 803
98 1284
2306 2855
3502 643
2631 2461
4040 338
2958 3486
4297 3381
3095 787
4388 2715
3224 4179
4419 936
4099 3609
4987 4531
4624 1242
3660 4786
4621 3876
155 4574
855 1850
4416 3019
4407 1763
4048 1151
1235 120
1406 3946
1246 3012
3463 148
2672 2432
1113 2335
1786 1709
239 4331
4688 4906
4901 1416
3584 3929
3047 3750
3312 2542
4348 2956
1942 3543
2045 239
3134 4742
1266 4929
2737 2081
2892 75
4067 2417
2558 4561
3018 18
2300 822
2890 68
3792 4886
4819 1428
3856 120
4293 4910
1956 956
2110 3752
775 1429
19 1136
466 192
3075 2005
3214 4308
1669 1725
2032 89
3621 1632
2349 185
1183 4635
4739 4835
3725 1111
1012 3321
3869 201
848 4390
1583 471
4757 390
862 4694
2698 4955
2888 4459
3442 2794
758 2807
1064 289
178 3860
4801 1786
3306 1812
888 3653
3669 177
3682 1995
1280 2572
4088 4626
470 3984
848 1164
4533 1616
3139 895
471 3792
132 2311
3471 861
4365 2202
3127 2803
4237 174
178 2021
1743 1053
211 3266
1402 2771
2896 4770
1910 3154
888 2943
2176 4557
975 1822
4478 3235
2547 3429
2725 1440
2763 41
4016 2463
4626 4313
626 2859
1482 2447
1442 515
3125 1900
4858 4617
4830 3007
2290 4741
1489 620
760 4820
2348 1214
4277 4071
4094 4842
4963 1452
2719 600
3699 1958
3959 815
3425 3462
397 4616
4322 689
1775 3115
4761 455
3302 4948
2109 4719
4354 4956
233 4902
3127 110
4230 2363
1633 1353
721 1390
4432 2697
4695 1322
4691 3752
2027 1045
2970 47
3250 2054
3241 4196
3128 3378
3668 2273
3581 2997
4729 2862
4973 1753
651 58
1234 3439
70 1563
2358 1880
3935 1461
3245 4321
171 2585
4553 3591
2033 3778
1694 2801
1381 4906
99 2620
3565 2437
4515 4320
1009 2889
388 2436
1450 3980
163 472
3440 2250
611 4346
738 3939
1508 3889
1684 1139
91 3503
3406 4912
4320 1277
3327 1166
1528 4348
1760 2913
1145 3238
4482 2096
2562 3191
3734 1926
337 1389
1361 3668
3078 3558
426 2105
1764 4019
4940 930
4054 226
2811 2801
2785 2119
4360 2029
3942 1830
1545 4433
862 3910
2769 3282
1684 2266
546 4436
4363 1511
800 4009
2134 3408
2823 3941
2454 4948
4049 4455
3381 92
4218 4492
3058 3828
2767 1680
860 1956
238 4846
678 347
4610 552
2160 3449
1534 562
4813 1967
2408 2606
2449 2498
4068 1204
914 4550
1733 2995
254 4240
492 1172
4677 92
868 3184
2470 4972
1814 2764
3002 1019
3787 2128
3164 2424
1205 813
2018 392
1971 1024
3712 1385
4878 2474
4491 2632
3683 3167
1539 241
190 187
2952 230
1678 2643
4256 3494
4557 2341
969 4111
4692 761
3474 2186
4781 3456
352 1908
1414 4317
3753 3971
4185 2896
4740 797
3144 2440
146 3222
2939 4392
3755 783
209 674
4783 1710
2147 1300
2788 366
3405 2896
1122 38
2601 4248
1537 2834
4040 4713
4222 1271
2361 4068
303 4741
3673 3501
4440 2397
2242 2740
4969 4984
1090 692
1987 3978
1522 3547
244 4861
3954 4376
4388 1390
4916 2596
3901 4133
891 178
1762 1695
1890 4103
1613 2882
1403 2693
2295 352
4616 1672
446 3507
2643 4948
3994 945
3378 4592
844 2891
1255 588
1009 3826
2127 542
2453 1278
4728 308
3922 2944
4107 2948
4578 1219
3390 1656
4648 4878
4682 3114
31 3676
4423 4519
4984 1499
2712 4777
4647 2801
4689 2964
2028 4598
1817 4705
672 1714
3809 1567
1938 4528
496 3306
4484 3167
29 3698
2800 3408
2354 1792
4844 2765
2911 982
2986 1035
1410 3841
18 4794
1133 2494
1646 3020
139 485
1155 3687
4640 1587
3615 3822
3954 1233
4892 2471
4143 856
4312 1967
1165 3208
769 3261
3308 2874
3258 2221
2185 1124
188 4457
2194 1792
1735 1255
4856 4237
898 1098
329 3135
3067 4191
704 3831
1026 1453
1061 3557
4551 142
2275 3160
4637 4240
1888 1973
3164 116
1570 995
2574 2631
245 609
1793 4858
1778 4215
1992 4050
1264 4205
455 2075
1168 2565
4865 375
1666 965
4474 1647
4750 4293
2612 4960
2850 3104
2166 1100
2200 2690
4437 2066
3111 2709
1142 1698
4140 1973
2389 2358
2323 3179
2817 1985
3239 3668
1571 755
4068 687
94 4638
3717 3786
3618 4988
1708 4734
4129 658
4007 4263
2204 3099
4668 2514
198 3701
3735 3164
2084 56
1362 4502
291 4501
4546 3101
561 348
4535 1369
4604 304
3821 702
2316 1297
414 2215
2896 2084
2308 2864
363 3921
1384 2383
69 3126
4784 3455
261 1792
3021 395
1134 2027
4906 2624
3624 4763
257 4403
1917 152
2731 2216
3687 3755
1015 2231
3182 1435
4539 2524
3027 1872
131 3099
3586 2387
2769 1746
4634 2926
3187 3013
148 1741
2868 386
2612 4256
1521 4141
4744 2009
306 2990
3803 3424
4319 2263
2972 1372
2162 210
433 2032
536 3332
2223 1138
1197 2686
1871 1175
4360 2460
3608 2140
929 2223
4413 1031
4181 4544
3121 597
4169 2221
2420 2338
329 3292
145 1956
4187 4316
2069 2892
2532 4323
3333 4348
403 2687
3783 2223
1231 1735
1462 4402
838 1756
1218 927
3439 1938
1816 1619
3342 771
4076 1369
4216 1438
670 2296
3086 215
2194 4925
1473 4674
1924 610
2608 2555
4877 3267
4865 2092
4065 1543
3482 3824
4024 286
268 3991
2739 4243
597 3766
411 4305
4634 135
712 711
2980 2806
3432 2305
3690 2016
2588 4540
252 3311
4647 3854
494 3371
4040 1362
2131 4264
2772 1145
2790 1084
2893 3418
449 1485
2968 2230
1861 770
3171 2563
1243 3441
4704 4888
4353 2655
1573 2565
1012 2735
4675 2680
2021 379
2399 4713
193 1420
4948 2139
1722 4278
4456 3882
4898 1307
181 4608
645 4190
3989 1451
650 3269
1602 1670
490 1496
806 3270
2496 2847
4324 2752
2508 1336
148 2777
552 3119
654 3209
478 1138
4854 3460
4339 3014
3062 121
2232 3003
2928 1042
1940 2767
3425 1512
3003 2755
509 2584
3275 1278
3164 2481
483 4448
129 1334
2894 1837
2079 4866
3310 4488
4761 737
4681 3210
3593 870
4664 169
467 41
133 184
3427 2522
2572 1877
2372 262
319 2225
666 534
1329 4051
3536 2668
3884 2633
1278 2003
571 622
3113 3311
2610 4582
2832 4765
1715 2557
1862 2632
3924 2998
3574 1
373 4860
1077 653
4131 4810
4807 2240
493 3765
919 603
3041 85
189 3938
830 955
2752 1977
2440 2247
353 522
4844 2710
1422 3578
4785 3798
4289 801
1897 4712
3581 2222
4553 3467
3055 2641
4386 3780
340 3989
1855 811
1866 2285
922 1640
4469 2323
2400 409
3998 2131
1422 3873
3134 2694
4771 3577
2644 2295
3777 3397
1413 3586
4857 2701
4844 1707
4251 4157
594 296
4826 2611
1536 1043
760 2235
3007 3806
3649 4333
4976 2449
3 2193
1209 4002
3500 1425
3444 844
1241 2565
265 161
4958 1018
2882 335
2824 1050
4416 2896
3991 2701
1386 270
1636 188
2085 1392
1374 2407
388 4112
4313 3688
3912 2695
1184 3670
2669 936
4706 211
1996 2082
2070 3104
3951 801
3063 3130
352 4202
3188 3786
1699 1022
4534 703
2541 2977
1686 3625
4138 3783
3797 4167
3091 4716
4332 1582
2435 4492
3589 4306
3359 1539
4492 3599
608 498
1831 4954
4159 3801
2517 3111
2362 3360
3175 2125
4271 3214
4175 745
1256 3394
3536 673
464 2972
1050 3008
3828 4980
3556 2593
4301 4691
2319 3560
4415 3945
2607 2986
1683 3303
1011 2911
803 2167
391 2170
611 2841
1764 3145
2117 3188
560 3191
1393 2875
1874 2977
575 3049
1775 4498
2625 4364
3303 3952
913 3532
650 920
1864 3649
1089 2453
2058 3399
465 4614
2754 3401
1856 4789
2041 4757
3277 4548
2239 3589
3530 4640
2326 3521
1079 4894
3010 3573
724 3634
1584 4481
1507 4378
951 4733
3788 4297
2494 3041
466 2466
1597 1823
110 2811
99 2209
2264 4249
1744 4248
377 2717
1652 2895
711 4118
309 485
1479 3901
2288 3679
745 2071
3177 3412
724 4361
1788 1832
837 2624
1618 4730
592 3332
259 2970
697 4762
859 953
2270 2345
697 4513
643 3840
3428 4443
3207 4495
128 4542
2567 4904
277 4157
2389 4103
16 519
2406 2642
110 3251
316 3709
545 3028
1159 3480
1756 2320
662 4299
1571 3079
1367 3025
3214 3457
317 3090
3624 4798
1362 1856
3796 4449
562 2262
2862 3595
987 1983
440 1578
61 4824
2990 3397
1978 3946
3241 4171
1624 4651
2393 4644
822 4745
108 3755
2770 4844
2843 3691
848 2696
3372 3453
2368 2403
1361 3382
1485 1514
3301 3738
899 4324
640 2229
4202 4743
747 3094
1070 4457
1717 3736
1548 4261
1946 3034
487 1941
4407 4940
2005 2703
2965 3928
2868 2959
963 4295
3420 4980
127 3441
215 4059
3163 4787
3978 4390
1256 2261
3501 4787
733 3403
5 4500
1831 4630
3214 4198
674 1536
580 4976
3618 3746
709 1161
48 2793
1508 3757
2602 4782
1180 1481
2440 3931
3009 4029
1502 4090
1374 2508
607 3771
1527 3149
3067 3807
1727 4864
1673 4073
594 4980
783 4673
364 4753
1934 2558
1718 2825
382 2635
99 1681
325 1394
1720 4763
3128 4084
508 2745
395 3051
783 2860
2358 4293
1659 2382
3388 4937
2870 4242
1046 1367
2278 4723
814 2607
2426 2872
863 3662
2567 3167
1941 3862
1253 1829
951 2292
2369 3225
2491 2717
426 3779
199 3354
1727 3707
1180 4334
2901 4856
2502 3540
4646 4700
848 1922
4033 4713
1330 2059
80 100
4034 4635
1847 2288
1840 4587
968 3807
602 4230
203 2773
647 4799
958 4919
1879 3760
2262 2777
606 3163
3905 4560
3460 4503
1323 3393
744 3439
1124 3812
60 2135
993 1095
837 1688
1262 1713
1123 2025
165 4916
3337 3720
2406 4134
2486 4098
217 3220
4384 4393
1017 2770
3824 4377
171 4157
785 2342
3686 3909
1422 1565
3650 3874
818 2662
2972 4266
4028 4158
1293 4736
1416 2481
2818 4871
2397 3903
2083 4699
1592 2181
1118 2507
1821 2985
2387 4558
1950 4510
542 2535
400 4466
955 3244
1046 2869
2681 3953
135 3988
1284 2647
2243 3794
239 966
1435 3175
116 1774
2811 4996
2012 4645
1971 3481
2877 2991
3584 3604
208 4599
1968 4864
217 4427
1019 2488
2882 3372
3410 3651
665 4924
1682 3832
447 1366
2720 4326
1079 1948
894 3228
2244 3763
4417 4591
1 1121
1872 3562
2635 4675
4673 4675
1816 4787
3636 4277
2358 4044
2243 2632
1254 3564
1213 3472
184 4679
658 1504
1397 4175
1496 4458
1873 3207
3279 4762
1576 1666
96 4206
2877 3800
762 4807
3287 3651
1714 4499
269 1258
1003 1208
480 4097
200 2679
1299 1583
2233 3628
1866 2756
1188 3256
769 4879
3030 4731
886 4852
2040 4062
3732 4384
211 3507
2672 4664
3750 4049
1735 3798
722 1687
1386 2489
2810 4043
1357 4272
790 1146
3894 4292
2949 4830
3942 4022
201 2892
2150 2181
119 1664
454 2585
1664 1668
367 3174
3529 3707
2212 4728
2434 2651
4797 4855
313 1653
3568 4095
3577 4395
1997 2990
2418 3341
1435 4994
1219 4049
1117 3456
161 3333
921 1264
1434 2668
1675 2553
1440 4359
943 4234
1933 4617
529 2904
1108 4239
1433 4672
1790 2836
109 2079
3104 3205
2370 4988
567 2688
2184 2334
446 1004
897 3888
446 3122
2163 4405
1162 2293
2203 3912
3050 3460
493 2414
1937 3673
1590 2572
1636 2321
1224 3075
598 3322
1883 2119
292 4694
2531 2731
123 2502
1287 2181
3556 3817
3042 4535
1345 3208
1440 3866
1251 3597
1021 1114
1637 1683
1220 2439
3759 4098
619 4241
1457 3581
2097 3835
216 1175
403 2711
1777 3076
432 1268
1487 4552
1228 3136
3535 3882
1703 3527
857 1429
386 3717
1887 4270
2529 2618
3776 4663
354 4351
926 3827
1186 1920
2219 3506
399 555
2777 3346
1870 2598
2169 2222
3535 3578
2587 4224
4828 4946
385 1928
2094 3366
1773 3488
744 3066
141 4551
2388 3174
2259 3608
3039 3592
2266 3761
1328 1344
1571 4686
2197 4646
3508 3903
928 2635
2410 2489
1104 1502
2084 4129
478 4509
4157 4643
1838 2314
3506 3829
4599 4717
4030 4415
1620 4646
3940 4771
523 3153
1576 3938
3342 4729
4070 4459
24 734
2358 3472
1438 4049
2713 4112
2391 4577
477 3429
2717 4679
593 3103
515 4218
2746 4546
1780 2569
513 2607
100 1469
3978 4364
116 2846
770 1484
293 1714
2275 3086
3740 3976
1071 1489
2271 3770
2596 3803
1710 2490
605 3556
2565 3367
13 3819
976 2382
2992 4139
272 636
275 4767
1295 3899
973 2828
2893 4475
379 2813
1882 3529
339 1528
1588 4675
546 4028
1373 2302
716 4744
2106 4468
284 3869
70 4957
3252 3472
958 1989
775 4376
1313 4642
2815 3475
293 3261
3006 3603
1959 3999
980 4804
1901 4288
1551 2065
478 3315
1248 2304
889 2299
597 4100
935 3950
4120 4859
2863 3414
89 4820
1525 2881
661 3518
1059 3351
1035 2485
1685 4791
2201 3409
3531 4375
71 2183
1511 3230
2929 4036
1451 1561
3334 3487
2872 4532
2573 4811
4168 4901
2041 2624
261 986
376 931
719 4289
3990 4725
2877 4032
2898 4758
3241 3927
123 3455
1425 3591
1930 3131
490 4971
1491 3315
16 2120
1250 3274
1521 4165
1172 4147
1088 1244
2709 4735
2763 3719
2079 3313
1957 3321
2008 4484
3638 4569
975 3450
333 3815
446 3251
2284 3836
409 4510
3088 3170
1245 3797
717 2421
179 2309
505 2915
1227 4263
410 1930
504 1485
1115 1232
2131 2344
3494 4233
865 3183
148 4436
828 2503
195 3317
467 3526
716 3453
504 1672
104 3496
1978 3179
1212 1835
891 3294
523 4763
2704 2751
4301 4324
3203 3825
1511 4691
2382 2682
865 1811
3925 4374
1015 2671
1787 4947
2024 4768
1509 2507
334 4593
2542 3044
327 4120
2607 4856
1712 4695
3286 3852
2072 4319
1854 4587
1546 3130
193 813
1930 3063
2098 3578
1 2373
1202 2227
2711 4621
1081 2812
391 1559
1546 2720
3029 4723
551 2703
207 3761
221 3843
174 3681
2607 2657
2639 4738
1752 4638
487 4638
2202 3342
1925 4882
2095 4167
140 1792
4218 4461
535 1893
1633 2235
1733 4046
3998 4815
1236 4580
2112 4801
1495 4058
204 2429
1433 3728
2142 2385
570 842
322 4115
2548 3939
3921 4694
1801 2251
1096 1805
511 594
228 3957
2210 4841
2162 3873
850 4857
3905 4335
678 3413
1344 4781
342 1578
978 4076
2019 4743
1871 2289
2169 2243
561 1114
205 2236
1653 1772
1757 2547
1275 3787
677 3086
2466 2961
4609 4959
945 4732
3288 3974
1123 4756
2214 4837
665 1318
49 144
2523 3720
1796 4881
145 2052
872 4509
2482 4239
459 2414
1306 4158
1921 2404
2243 3527
641 745
2364 4312
1661 2581
130 4297
3451 3576
415 3420
1865 4218
1791 2887
2985 3570
1124 1886
3051 3823
1171 4975
344 3624
1692 2404
67 3619
4488 4716
1007 1182
3467 4854
389 2972
3322 4485
1912 3321
2347 4180
2045 4855
2683 3312
831 1883
2990 4250
1405 2797
777 2644
384 3923
2196 3289
2071 4892
656 2026
737 2482
1564 3925
3013 3753
2502 3375
3874 4613
11 3345
2108 3689
4184 4826
1473 3896
2018 4845
611 776
164 2018
50 1086
3120 4678
1555 4317
2644 3132
1141 4662
1361 4538
50 3530
2030 2723
2306 3486
567 4103
4101 4356
1248 3789
2073 4546
1242 3185
1597 2338
1779 4608
282 4890
1015 4609
841 4512
2957 4314
2796 3537
469 3144
1982 2885
1328 1781
636 967
1475 2532
2068 2509
1368 2601
2731 4952
4268 4666
1101 4828
3508 4044
1395 2298
989 3853
28 2087
370 2897
677 1848
2329 3871
209 1796
2287 2584
134 1436
2446 3138
1477 3455
1714 2122
1911 4511
719 1415
2219 3567
2695 4880
3414 3580
183 2386
2684 4595
859 3914
2541 4976
578 3604
350 4777
223 1056
1603 1733
1727 1911
2167 2952
447 2354
825 1136
1089 1356
2705 3546
1979 2055
268 4713
2806 4448
103 2224
394 1271
2768 4381
2789 2885
2330 2605
347 3230
2145 3035
4055 4752
917 3068
2225 2429
338 3911
1610 3275
3214 3572
3697 4960
1581 4272
1677 2656
2439 3287
3554 4046
4055 4677
1153 2121
965 1639
2386 4532
164 2934
4355 4643
3525 4557
2143 3837
231 2360
2009 3125
1808 3105
2033 2777
174 503
696 1630
588 2440
1963 2937
710 2367
1621 2227
901 4144
637 1530
1486 4448
2215 3623
2123 2145
1752 4840
337 574
855 1099
803 2760
759 2280
636 972
3485 4132
1965 4202
1332 1969
3029 4948
3356 4134
1011 1513
245 1282
1760 3608
1553 4172
3692 4910
4621 4639
2309 4084
346 3419
1811 3726
2382 3201
429 1247
3169 3468
1874 3702
1059 2816
472 4052
2711 3180
1303 2880
4301 4590
1710 1818
2488 4488
2886 4356
2985 4526
1426 3852
2896 3547
1023 3928
124 3465
2601 4151
3285 4860
1708 4909
1891 3515
3380 3645
3385 3594
485 1134
129 828
2891 3127
3383 3819
2804 4524
3352 4499
666 1327
974 3612
2388 2728
1615 4092
2116 2502
231 2937
743 1073
2358 4537
2677 3134
1322 1890
754 3859
76 3570
1120 1127
2535 4630
2930 3688
2895 4245
526 3853
34 4801
724 2630
666 1452
1474 3618
420 2433
176 2022
569 964
430 4840
1073 2877
1123 4922
1302 1394
1456 1528
1079 4538
1426 4714
664 2404
2848 3993
2530 3994
546 2346
367 3429
1058 3269
4130 4643
2134 2356
3160 4392
139 4886
1517 4966
308 984
2221 3086
3534 3779
551 1365
3657 4524
1476 4043
1735 3311
1716 3652
2008 2226
1462 3188
1949 2390
2639 3864
428 674
1736 3058
2934 4901
2581 2942
2183 2786
1298 3621
408 2611
196 3898
2676 3007
2602 4021
935 2988
1082 2988
4493 4901
1269 1717
466 2244
1265 2997
535 2663
1460 4224
3036 4753
212 2851
407 2586
2199 4464
1725 3910
2381 4292
284 3296
2653 4458
671 4429
2050 4587
1570 4891
3492 4898
680 4133
397 4286
404 3469
2629 2722
261 1789
3082 3696
2251 3649
1400 4371
1791 4472
1244 4297
250 4110
2519 3454
1128 4993
2701 3445
2383 4250
47 3353
1930 2854
279 4477
983 2239
1173 4316
3270 4510
733 2464
1467 3772
9 4212
654 1207
494 2989
1031 1530
1171 2400
696 4527
1708 4185
315 1240
2659 2872
209 2974
1711 2187
919 989
2036 4062
4516 4768
68 4627
130 4349
2332 4856
944 1402
2352 4411
3221 4295
1293 4532
502 2590
3404 4612
1761 2364
75 3951
3488 4286
28 3201
3896 4682
502 4037
3263 3496
2919 4188
2067 3431
2670 4367
2825 3534
2643 4797
2067 3034
2449 4081
751 2295
2325 2826
833 907
1125 4015
1553 3717
2781 2831
3681 4907
740 1295
718 2840
264 3744
2974 4248
2750 3716
719 3264
3939 4548
1414 1468
1432 1576
685 2588
835 3338
988 4501
2186 4397
2774 3334
1682 2504
740 4524
135 1462
1585 4416
659 3105
1626 2111
2780 4248
4004 4330
3347 4410
1575 3100
731 3094
303 4542
1030 3209
1310 1344
2669 3720
1441 2982
603 3469
1885 3514
779 1136
192 3467
1324 2325
136 1612
3203 3833
1409 2804
2222 2941
1335 4345
1994 2379
428 4904
3771 3915
725 4038
639 2253
3225 3977
3275 3281
2117 3985
2381 4770
3219 4459
1357 2996
2665 2808
3768 4609
341 530
458 490
3854 4894
3316 4783
4609 4822
849 4195
793 1316
591 977
615 4913
576 2350
531 984
1933 3965
2258 4597
1394 4922
2362 2674
1130 4975
2422 3379
3786 3956
1276 2991
86 1620
2283 3258
3369 3993
4404 4513
1116 2479
156 4973
2175 2812
1061 4374
123 1783
2062 2947
2383 2833
1585 3234
925 4494
2559 2738
88 1147
783 2504
3173 4579
2594 3379
797 1052
3497 3536
50 3837
972 3780
2001 4288
2130 3173
4067 4512
111 3555
1467 2783
1208 2536
1167 3337
195 4947
1008 4587
202 4640
870 4944
3079 3530
624 1258
235 1057
227 1152
161 2876
361 2193
3160 3959
3256 3794
2550 2881
4015 4449
1364 1626
2834 4578
630 2345
2266 2345
536 1321
2581 2594
440 3182
3225 3672
2048 4936
2892 4732
340 4908
1644 3265
3137 4121
1889 4046
1316 3433
4200 4685
968 3885
924 3666
4591 4734
88 3144
3713 3740
3654 3726
3248 3501
2885 3365
2970 4101
284 2591
3991 4339
3105 4249
3812 4667
3289 3973
1381 1523
1265 3437
756 958
436 1006
43 4789
565 2308
269 2087
3408 3760
277 4536
1627 3299
2230 3871
1128 1863
2300 3420
1483 3092
2281 4181
562 4572
2812 2924
944 1169
175 3573
1024 1254
2710 2990
265 1754
1776 4651
2409 2626
193 614
2878 3209
440 985
510 1586
2247 2437
925 3240
2174 2678
1833 4719
357 4785
3690 4329
310 4610
919 1226
3413 3790
848 1643
1881 3814
420 4600
27 198
586 1964
1133 2586
553 2092
395 3211
4203 4829
1455 4554
3705 4776
2020 2789
674 1478
1733 4117
1263 3268
972 2623
1576 3647
3562 4751
688 1529
2918 3965
1427 4801
720 1562
1185 4977
3984 4226
1644 4368
2927 4956
559 1387
379 4484
871 1387
96 1279
2576 2684
1348 1395
558 1925
2708 4644
1637 4357
655 2706
2887 4656
4674 4798
103 882
20 2813
2824 4384
429 1858
288 754
4592 4827
1292 2493
2936 3142
1873 2501
357 580
286 3378
2708 3148
4240 4794
3626 4683
850 4795
2204 4587
801 4112
2410 4117
892 4995
1758 3874
1655 2273
38 4598
2831 4073
203 303
3740 3960
3385 4246
2808 3794
1858 4278
3486 4490
3482 3962
499 2287
3654 4059
178 3485
798 2288
217 633
22 2700
903 4551
2745 3480
114 4433
332 633
1997 3606
1820 4170
381 2701
114 3998
3767 3833
357 2199
754 3946
1212 3192
454 2204
1964 4415
3819 4112
1201 4402
363 3256
752 3005
1636 2824
1794 4140
1471 1486
3006 3722
646 1215
4193 4828
1118 3085
391 1059
1942 4796
1882 4835
2497 2843
3140 3433
1660 1792
87 2623
1835 1942
1552 4362
3671 3853
747 2407
299 4633
289 373
554 3225
3597 4644
534 3874
2484 4154
2602 4751
2128 3676
14 2852
1267 3887
3293 3422
161 842
3587 4566
272 500
898 2075
2857 3293
701 4710
2318 3363
3699 3861
4316 4523
1211 3998
1508 3085
190 2873
491 3108
3018 4508
2423 3258
1866 3409
2619 3591
4537 4927
3541 4757
704 1699
350 2385
1720 4545
558 3810
824 3726
2067 4035
103 1804
340 3533
448 837
3648 4610
3500 3569
664 1052
1160 2568
2653 3375
2789 3190
4041 4804
3627 4966
1826 2454
223 1543
1045 3969
499 1535
1191 2749
66 2559
3087 4508
1249 4076
2546 2720
2091 3379
44 3483
1898 3436
591 4208
546 4461
963 4736
437 672
2024 4505
2101 3237
325 1672
209 4006
3339 3341
1996 3959
1839 3687
1765 4458
122 344
3063 4573
3030 4288
210 4216
604 3619
604 3880
451 3435
2362 4041
296 3328
428 3680
87 3033
417 734
1282 2147
1180 3260
1087 3651
527 3953
1681 4131
1111 4550
809 4458
4101 4622
212 4052
639 4549
2734 3748
1129 1280
4123 4586
85 1556
300 4253
545 2307
126 1825
1808 3124
762 3450
3043 4673
2611 4648
1796 3086
3413 3803
264 1788
1051 4351
389 4918
118 2522
1006 1959
2086 2588
1648 3725
458 1092
781 1882
289 4147
1287 1897
957 2500
2773 4667
2449 3076
1478 4392
753 2628
4024 4697
3525 4520
3373 4497
2415 3117
360 4684
1717 4128
1586 2044
672 3235
1010 3601
175 1692
2989 3563
2718 4550
1971 3139
2351 2716
3209 3574
1457 3861
2808 4034
434 1673
940 2715
2787 4109
711 3520
1970 4401
3840 4535
3332 4204
1902 3229
2485 3689
819 4362
1624 3113
1647 4228
160 3627
776 3686
3843 4969
635 4345
2556 2885
2922 4224
2817 4887
592 2333
883 998
719 4036
1656 1677
3777 4460
2746 4675
506 2675
1281 4899
900 4807
28 3531
1716 4163
112 4625
3230 4910
20 4227
1490 3194
3968 4647
1576 3798
1098 4759
1328 2756
324 816
1770 4648
553 572
629 1772
493 1712
2269 4053
2364 3579
221 1362
637 4856
193 2584
194 3155
2207 4855
464 3554
1102 4879
256 1263
3570 4039
1331 2958
2228 3284
2355 3611
700 4027
2226 4113
1092 4712
3749 4998
1063 3199
568 777
891 3897
1965 2873
65 1913
263 4958
2548 4262
2775 4695
2618 3401
2908 3682
711 3779
588 4954
2684 3134
2835 4045
549 3035
550 3003
635 4573
1802 2816
2253 2611
2914 4024
859 2406
1629 3565
227 4915
1250 2208
1490 3186
3347 4266
2842 4800
2311 4195
677 2787
1746 3063
2045 3367
3282 3819
2065 4669
3084 4096
2671 4569
1086 1627
1659 2440
673 2560
244 3027
2333 3239
3456 4650
3431 4638
2539 2811
2467 3946
693 3249
2641 3190
2727 3229
720 2038
1116 1161
2230 4616
682 1662
1026 2808
1298 3029
1229 3113
1272 1834
31 1461
161 435
1397 2435
1494 4109
2923 4317
429 2415
2007 2031
3118 4116
524 1855
705 2162
1797 3226
3383 4991
148 4111
805 3331
3096 4225
774 2418
1867 4259
2282 2768
1812 1822
2568 4883
1442 2330
52 3007
3197 4278
420 1822
21 3631
442 2783
2235 4754
208 1065
3600 4784
4358 4454
4166 4745
1076 3537
813 840
814 3392
1566 3471
2491 4473
1171 4917
2354 3375
499 3683
3332 4359
2620 4582
1684 2548
2122 2229
81 1772
4072 4777
1216 3302
226 1884
2491 3833
1612 3715
2325 4085
1435 2838
2524 4863
874 2340
464 1319
1816 2875
815 4999
3437 4634
765 4171
783 3202
1828 4812
29 1928
2228 4370
4129 4407
680 1844
1217 1562
1468 3306
4278 4647
876 2852
4622 4752
1484 2713
1005 4921
2700 3056
155 817
2754 3714
2112 4887
1027 3060
1565 2664
2721 4294
4103 4545
1264 3432
2030 4049
2717 4369
1431 2616
1132 2315
2244 4637
1676 2436
1197 4647
1380 2613
1384 3141
224 4605
570 1932
2494 4204
4708 4936
975 2690
1882 2972
543 3407
3593 4695
135 338
130 4728
1785 4365
2057 4901
2639 2984
1463 2862
1968 2362
823 4134
764 2843
3216 4409
2021 4405
63 1902
1949 4708
2166 2559
799 4722
2357 4425
1840 4858
617 1931
3202 4573
2009 3289
2890 4543
1024 1367
688 2097
4418 4682
2862 3422
2847 3507
669 4177
2662 4940
2581 2742
1787 3249
2491 3755
1460 3170
3257 3515
1243 1441
1429 2977
3589 3917
2252 2442
1207 2481
305 3489
1346 2465
2388 4574
2227 3344
266 3592
1768 2831
2128 2905
3871 4465
3842 3944
610 1207
2786 4796
566 2552
2256 3794
3497 4569
648 1790
291 2466
4756 4797
3900 4042
1435 3153
2548 4707
2029 4549
1480 2462
4716 4815
2121 2503
2321 3185
85 2298
2162 2475
3423 4820
1272 2512
1345 3146
3288 4239
604 2639
2609 3945
1039 1708
702 3309
625 950
2446 4923
1313 2027
2830 4996
4323 4573
3240 3476
4294 4368
138 4252
1285 1797
371 786
778 1599
2953 4131
1955 4994
2781 4492
955 1826
2384 3245
1628 3484
2878 4135
666 996
4578 4928
186 1683
2422 4750
1344 3699
1621 2359
2713 4067
3239 4906
2037 2406
140 2631
1825 2344
1252 4454
855 4401
169 3692
1004 3336
3366 3408
434 2580
2404 4922
4225 4561
724 1003
1083 3271
476 1403
2759 4656
1156 1603
2247 3536
1366 3982
2370 3006
1754 3792
721 4682
540 748
2385 2480
1873 4073
734 3026
136 1436
2286 2493
3694 4757
1298 4731
3592 4262
300 4300
1250 1803
1321 1594
3457 4071
506 2072
700 1643
1431 1829
1304 3224
282 1014
241 2051
1137 2187
362 2582
176 849
1718 4639
841 1830
442 4474
797 3594
1155 3778
1992 2931
1313 3795
149 3484
2386 3218
1431 2670
2553 4274
1840 2692
759 1646
740 2856
1138 2251
2282 3995
1475 1869
2140 4703
2429 2948
3250 3685
702 1034
412 4736
1076 1339
2707 2734
1794 3488
912 4153
1632 4714
2681 4853
1055 3745
2798 3850
212 3726
2159 2275
1769 3045
908 2022
1677 3808
2411 3888
1158 1864
1900 2430
1836 3497
2168 2697
326 2805
3437 4531
1660 3857
1482 2999
445 464
419 4473
3085 4663
3451 4830
120 4693
1679 1884
436 3794
941 1898
1376 4837
1695 3324
4413 4459
152 312
551 4056
1357 3132
212 3351
932 3295
393 2595
1161 2866
4462 4826
82 1326
994 2340
1586 2766
623 2378
4428 4800
1340 2194
102 1414
352 3011
1596 4153
768 1510
1082 4023
114 1121
2714 4921
1181 1549
1320 1588
869 4757
3129 4386
2422 3893
1916 2356
1045 2850
27 1830
636 3241
2158 4111
753 1843
673 2295
493 1400
1745 3243
2216 4525
461 4533
811 2984
393 967
941 4808
3175 3190
3766 4536
587 1657
4388 4723
808 3838
1591 4717
669 2811
2456 3127
1094 4679
2716 4883
3421 3839
618 4358
598 4064
1643 4098
94 4578
326 3020
133 1568
2890 3410
1344 4145
939 2353
916 1257
3345 4654
2022 4358
551 4486
2010 2833
655 4008
882 4384
3480 4557
2241 3776
1873 4570
1229 4806
364 3852
3430 3771
149 2381
577 2766
837 2590
1545 3897
1131 2242
46 3903
2268 4175
2941 4358
2411 3836
2724 4649
3124 3334
2682 3376
1048 1409
1057 4298
667 4200
2105 4369
747 3231
3246 3564
2024 4667
4177 4430
2126 3956
654 4089
237 4137
1644 3771
815 4094
360 3799
2122 2986
1438 4004
578 1348
2325 3505
1940 4991
2379 3455
3629 4620
275 4144
1346 3159
1966 2097
382 4165
15 361
3111 3734
227 239
1045 2698
554 1631
3100 3373
1599 4799
238 2840
366 779
1609 4928
400 4856
3490 4564
184 3442
1910 4213
1413 2955
3895 4433
3216 4517
194 3049
1636 3647
2035 2530
316 4139
72 4845
4012 4296
1889 4161
31 675
2412 3938
1989 3943
1450 2068
3215 3994
3641 4048
280 4449
482 581
1610 4830
1901 2547
1145 4731
683 1039
702 1007
597 3916
294 4571
442 2493
707 780
3215 4271
2047 4278
1705 4705
197 1206
1315 4740
1608 2882
987 4857
1225 1672
1758 3368
947 2148
1223 1406
3120 4155
891 4120
842 1414
1596 2000
2100 4118
627 4051
502 4372
1587 4534
245 1526
2108 4552
528 3705
1787 3443
1238 4746
2341 2832
981 3538
3022 3882
3799 3838
1015 1889
945 1898
2049 2950
4620 4950
363 1872
711 3035
4320 4963
4568 4775
1730 3626
1183 1396
1470 3626
893 4339
3506 4063
60 1875
2258 3683
298 2125
391 2434
4089 4999
575 835
1483 2509
3991 4345
1801 4390
1273 2153
1270 4381
1896 4241
970 4775
1563 4758
2543 3861
2311 2704
2134 2916
4742 4743
2792 4072
812 1623
3064 4428
301 2273
805 4799
997 1504
1399 4112
358 3326
1738 1952
181 1588
2964 3680
643 4522
1328 4286
381 2291
421 1349
881 1987
654 1826
1488 2074
2786 4111
101 4404
1063 2287
2858 4718
1240 3970
626 2929
4079 4728
846 4201
594 4389
41 4603
1446 4078
1982 4718
3860 4294
741 3970
285 2894
837 1607
152 386
3245 5000
2592 2644
991 3207
1069 3983
1432 4829
2083 2499
754 4875
1180 4902
808 3589
813 2841
3370 4596
1105 2284
866 3714
1711 2275
4223 4682
3655 4271
963 3732
2776 3778
177 3089
3148 3724
1762 1940
1495 4482
1338 2412
2266 3649
1188 3008
542 3524
30 3790
911 3322
1805 3004
2261 4830
2462 2537
3350 4382
1903 4072
2233 3029
33 4160
3354 4465
584 3729
265 4784
2436 4879
87 2389
4606 4783
1600 4182
1380 1499
2763 4501
647 3178
368 1212
2504 3525
3467 4762
538 4390
1585 4484
1656 4109
621 2776
770 4699
360 3093
79 4903
2986 3851
819 3954
1618 2411
2369 3198
1781 4752
11 1509
48 4168
3753 4078
1486 4413
816 2491
813 1360
4464 4990
1710 4524
1363 2259
1039 2193
425 583
88 555
553 1938
1743 4043
3046 3090
1539 4821
996 3602
633 2206
380 3656
2042 2430
2037 4787
927 3595
3259 4354
353 3667
1267 1441
1511 1729
1225 4375
975 2876
1219 2240
3843 4775
1094 1864
1895 4723
3869 4036
314 4629
2676 4874
750 3132
1609 3980
977 1222
833 4685
348 3418
1307 3200
1202 2618
1068 2954
2139 2378
4405 4772
2159 2943
570 2760
3503 4600
3438 4770
2519 4312
2639 3590
1917 3559
2323 4538
408 4884
41 3589
1767 4384
1268 2771
2149 4662
352 2272
2704 3094
2646 3526
675 3322
3483 4949
3204 4092
3662 3925
1732 4596
2588 4222
194 1709
2050 4601
2674 2675
981 2130
3686 4055
2368 3333
1265 2069
3315 4529
527 2446
2015 3354
792 3563
52 133
3441 4523
2033 3731
773 3167
195 1877
2967 4929
2413 4291
4052 4712
4928 4993
4089 4278
2440 2888
1251 4717
805 4054
712 1605
166 2539
2770 3290
3973 4902
31 1113
249 4671
835 3174
3243 3355
454 1252
1008 2487
989 1131
258 799
1129 2462
77 780
2677 4899
2213 2324
2140 2513
403 4480
512 4891
464 2405
293 4700
558 4080
1180 3059
2702 3199
747 2726
1011 1124
1112 2144
1519 4463
2827 4164
1129 1546
3831 4315
2742 3952
29 1630
1736 2931
2734 2806
851 3762
347 908
2385 3512
1242 2530
3120 4508
4060 4095
2288 3676
2995 3471
1855 2513
1295 4610
559 686
2385 4393
3065 4509
3786 4943
1274 4267
3442 4211
843 2746
945 1272
693 3059
1474 4796
688 4547
3163 4955
2069 4177
2429 2986
458 3764
1700 3237
355 1452
824 4070
1305 2266
307 4856
1918 2580
1391 1954
64 3697
4752 4935
3737 4409
212 1549
3758 4906
2848 4102
3035 4405
1102 4589
1801 4898
1561 2293
1017 3365
2218 3706
2708 4828
2390 2592
1714 3105
1525 3739
76 154
2530 3506
1576 2051
4155 4504
1785 4462
1722 3102
4822 4966
826 3712
1994 2870
4261 4578
1860 4795
2078 3311
3679 4221
622 3249
377 867
1251 4273
1622 2664
3664 3806
142 4008
100 3177
4652 4995
3715 4755
581 2135
1341 2687
1915 2237
3370 4255
3698 3877
889 2139
586 946
1695 4678
2192 2722
2104 2559
1214 2395
1017 3355
3717 4710
957 4591
4460 4760
1558 2770
1674 3214
525 1536
2278 4030
1495 3763
550 3392
835 1025
366 4019
2142 3772
2169 3130
1283 2955
905 2616
2780 4688
1227 2684
2645 2884
1585 4743
1657 4136
3515 4482
956 4698
4466 4915
336 3902
675 889
867 921
1096 3734
3057 3451
2612 3527
2682 3763
1684 3686
522 1295
222 2023
2061 2405
1925 4833
292 787
3261 3483
2573 4219
3807 4016
35 1998
2267 2770
2520 3615
3948 4339
3268 4301
641 3216
1105 3843
474 2444
257 537
3002 4932
257 4545
1108 1607
2585 3586
1896 3274
3536 4692
3961 4368
1134 3432
3534 4333
367 4968
299 529
1948 3823
3986 4470
3784 4112
340 4838
20 305
1338 3282
907 1056
3087 4682
2364 4195
315 3625
2135 4880
1002 2693
1185 3546
382 3528
2405 4066
363 3972
3054 3910
884 4672
2231 2771
1020 4574
1735 2672
2453 4593
1013 2082
90 3555
181 4676
2846 4188
4682 4993
2161 2538
711 1214
1905 4063
1605 4206
2809 3130
582 4339
1871 4562
527 3704
2830 3325
144 3790
1449 1553
662 2599
600 2724
112 1525
284 4365
928 2213
1592 4776
2371 4728
1243 2906
387 3903
2905 3201
3700 3853
1097 4222
3848 4993
2200 4445
1001 2000
4408 4603
1863 4885
1672 2524
35 3544
2367 4589
1882 3197
2521 2533
188 1206
1361 3028
2160 4179
2673 2673
483 1549
445 1714
3182 3769
3049 4742
3636 4370
4062 4536
641 4701
1334 3477
2071 4844
190 4393
342 4936
2986 3442
920 3735
758 1618
2018 4075
1162 4530
187 4377
750 3549
1295 2878
1524 4981
1970 4310
776 1142
726 746
2382 4868
3064 3495
3079 4120
31 1449
1159 2570
687 2061
665 1975
221 1288
582 2796
3321 3470
928 1628
1830 3248
161 838
1616 3244
3449 3694
653 3968
1951 3373
2549 2986
3104 4432
2122 2494
3101 3839
1817 3076
444 2444
2569 3997
1088 2094
989 1070
454 3609
2706 4323
2999 4663
2069 3148
942 4952
1284 2084
1539 1811
1555 4307
2992 3056
1775 4594
585 3813
249 3291
249 1725
1964 3268
1863 4589
635 3231
1110 2356
2431 3743
3818 4600
180 3977
1441 4354
2565 4457
2612 2959
4643 4742
3939 4081
3242 3450
3842 4548
2457 2964
556 3289
1819 4229
2116 3014
1403 4365
267 1253
412 1999
487 2421
1023 3908
1774 3120
2701 4421
3608 4063
711 829
1284 3481
1971 3803
961 1952
78 1188
2397 3718
3206 4344
692 1174
3067 3710
4474 4555
4065 4616
1478 3648
3292 4742
638 1198
3778 4313
2750 2987
291 1177
2878 4716
2569 3574
4430 4469
1964 2177
87 3908
2191 2486
4338 4813
412 3381
181 1935
1836 4164
406 3128
2610 3243
1030 3336
2513 3889
3266 3840
574 2426
1340 4297
2584 3186
3439 3705
796 1107
2077 4425
924 1343
299 1405
1606 2907
128 1254
4344 4362
605 1439
1362 1595
68 2289
2158 4223
1215 4943
150 3294
1042 2023
2596 4957
1836 4162
3357 3523
2808 3474
815 1382
2256 4542
1813 4287
3363 3614
1299 1476
1769 3352
1007 4956
4340 4604
1426 2908
1715 4836
2712 4171
1964 2400
3136 4652
552 2246
2839 3736
750 880
2474 2541
4125 4224
1229 3957
1121 4715
2621 3174
2417 3479
2082 4642
923 2274
277 2801
2284 3533
628 4599
640 3553
2064 4510
3845 4773
1801 1851
731 1689
466 4772
611 1596
1081 2047
1800 4635
3047 3086
2340 4653
4008 4884
375 1156
1950 2533
1478 1504
4026 4969
3426 4007
690 1057
1882 2686
868 3001
846 3566
242 324
2073 2145
1110 1149
1848 4432
2162 4252
2090 3667
451 3854
2095 2498
414 651
2414 2547
1433 4584
1105 2385
951 1842
2025 3230
3201 3301
1296 3046
1092 3564
291 334
626 3094
2388 3520
3338 3619
2686 3888
4228 4693
2876 4268
294 411
99 712
1292 4495
2084 3028
3053 4094
77 2521
2391 4441
2620 2641
320 1956
1516 2468
1205 3607
1152 4447
3996 4126
1553 4138
3657 4042
1052 2686
538 978
465 2181
2960 3596
4456 4599
3008 4736
156 1500
1326 2139
3290 3711
962 4587
1745 2350
2404 4429
1686 2538
649 3383
187 3250
1240 3060
2857 3143
495 1464
1603 3253
1283 3209
2372 2451
4653 4685
2797 4766
479 4384
173 870
24 288
819 894
2456 3330
323 4898
1489 2111
322 461
1128 3912
4173 4306
4515 4635
63 641
384 3413
1169 4493
828 1905
631 2934
330 4799
645 4940
1969 4088
251 982
1839 3475
2051 4089
3038 4849
767 1363
2542 3383
4062 4984
3073 3143
263 683
1947 3000
847 3956
207 2994
1016 3108
3843 3993
1300 4959
317 3276
2634 3930
1486 3910
729 3525
3191 3209
982 1826
1527 2826
2081 4214
992 2961
2473 4225
1881 2883
3320 3962
102 4169
2573 2655
263 2012
95 712
3784 3969
1320 4925
899 1890
3444 4814
1451 2270
317 4685
3104 4812
918 3909
1576 2727
3152 4178
3741 3915
2099 4491
1196 1695
2851 3825
2893 4038
2957 3953
1169 1532
337 2132
1747 4162
558 2306
1355 3286
317 3605
331 3739
1855 1892
1324 3441
363 2649
350 4841
116 712
1275 2990
1315 2908
3656 3963
4251 4535
2367 4342
1803 2302
981 1107
4131 4992
2045 4230
47 996
3811 4052
2933 3474
1067 3014
1815 4645
3788 4506
4506 4871
403 631
1525 4729
473 643
2030 4199
3436 3637
702 3996
3087 3580
1250 1774
241 2847
2831 4029
4087 4688
1180 4499
79 4102
2826 4467
694 4528
4449 4678
1077 4174
3482 4210
608 3331
939 2923
1122 1901
2593 3157
2344 2472
1662 3438
1167 2099
2471 3029
4455 4798
1222 3535
1642 2470
2578 3724
366 3544
3176 4015
2387 3235
969 1855
3008 3053
940 1948
1383 1717
2754 4985
535 4539
34 2357
875 4470
3895 4460
3826 4910
3244 3680
3343 4318
370 2308
2227 4376
406 1567
1806 4001
980 3150
2770 4040
2825 4386
4240 4605
2076 2810
3654 4834
1008 3492
1400 4190
1806 4650
601 4388
4115 4818
533 4541
1512 4608
2169 3541
1722 4703
63 4410
1888 4019
612 1936
2315 3363
1171 3394
241 2164
2443 2471
506 3786
2131 3758
3623 3781
399 1686
459 2421
259 4853
2858 2988
1367 2601
1183 4700
3350 4617
1455 4555
1828 2258
906 4051
2120 4070
932 1668
1873 2552
1091 1097
1024 3705
395 1860
823 3828
4195 4253
4532 4693
641 2633
108 1820
2978 4834
469 2914
2523 2988
372 972
2560 3595
600 1694
155 4549
1075 4280
1261 3210
1427 1628
3810 4723
2625 4735
2816 3546
2888 3209
14 3282
1121 2253
1196 4358
906 3396
160 4526
1632 2779
66 1859
1229 1314
1539 2660
208 3102
1260 4408
1398 2979
255 2935
4478 4482
2501 3951
679 2119
101 2200
600 1561
3597 4676
658 1654
1946 2121
1961 2489
2680 3853
793 1490
1683 3448
146 4941
837 4010
1000 3899
1419 4424
250 3522
454 1906
3267 3484
137 625
1605 4026
340 1351
1509 2003
642 2618
4540 4570
1408 2536
2709 2823
3135 4821
509 4114
601 4869
1743 4828
429 3614
1545 2048
3041 3179
3930 4278
2530 3965
4186 4960
1518 4525
202 1042
4349 4478
2706 3087
2212 4224
2996 4766
1848 3198
399 4860
1867 3993
1054 3352
785 1272
1937 3788
242 2926
264 2233
895 3286
1296 4534
83 532
1144 1601
836 4486
434 1219
1831 4383
2418 3127
1848 3007
991 2331
3747 4513
3542 4707
2170 3499
2264 4477
2496 4763
520 3946
1256 4799
607 2802
1111 4962
2705 2956
2192 3822
443 1219
312 4902
1842 4754
1797 3063
2132 4197
1891 3069
2665 2905
2318 2527
848 1761
1914 3058
1008 4906
525 4903
267 4782
4606 4618
939 3542
3635 4057
3973 4444
1646 3655
419 1878
1826 2623
3514 4309
2196 3909
744 4777
1916 3466
1235 4608
549 2974
2690 2953
2073 4406
469 1721
3362 4347
3014 3963
3290 4989
2302 4575
4075 4483
739 1108
1182 3732
3777 4831
3828 3855
3675 3780
29 1770
2531 3617
3503 4088
2464 2872
222 2178
11 199
487 1982
52 2513
739 2143
3330 4747
1372 3218
2149 3892
791 1786
783 1321
473 1945
3955 4513
3070 4408
1153 2208
1715 2164
3801 4487
1061 1376
1244 3420
2194 3675
888 2994
1106 1740
415 3244
1197 4046
424 1172
261 3169
2882 4645
792 2964
2292 2864
2048 4264
3060 4398
4299 4628
3938 4494
1987 4740
2157 3557
1800 4748
1985 2955
2841 3589
1549 3993
2148 4451
137 2425
2779 4689
564 781
1397 4443
720 2804
3159 3353
1543 3686
1327 4381
1069 1546
1285 4351
2732 3229
3801 4987
1845 3411
825 872
2047 2426
622 4702
1859 4510
106 262
2936 4876
2285 2620
769 4788
227 2809
2668 3354
2873 3467
2699 3478
2946 3429
1267 3804
559 1352
31 3981
4306 4836
3364 4024
425 3138
1086 3538
2880 3831
2917 3010
322 3891
1139 3934
902 1075
3331 4226
2199 3549
782 1132
3683 4874
69 2146
379 456
993 3693
2502 4695
2578 3980
1828 2493
89 4130
1910 4083
652 3336
3065 3534
1668 2554
4060 4982
190 745
2619 2697
1681 4849
2226 4734
1873 4130
3014 4420
152 4369
1019 2073
2935 3901
3489 3524
267 2484
945 2891
4584 4889
2305 3779
2478 2844
1610 3296
1439 4387
2991 3724
2102 4054
122 1416
3176 4383
1501 3379
3007 3811
422 2171
248 406
264 3724
330 3916
797 2829
1857 3789
4510 4534
1275 2226
1750 4080
242 2963
2133 2887
568 740
188 4894
3942 3967
1928 3341
1097 2204
3233 3783
1108 4020
4369 4946
1149 4490
1938 2520
2907 3046
399 4987
2966 4192
846 4819
3921 4834
392 3233
135 1534
466 3654
2015 4861
364 3157
2161 3674
3829 4278
2525 3464
118 2735
807 3260
510 1823
1133 2247
1378 2076
3442 4156
1231 3215
2842 4176
1298 4293
1212 4846
876 3911
952 4031
3413 4509
481 4735
1591 4151
2131 4205
486 2888
3549 3569
2270 4570
2954 3847
2182 4068
3181 3916
697 2741
2224 4814
2791 3715
4149 4377
3258 4750
1597 3908
1168 3423
1653 3281
1388 1948
1344 4442
1653 3526
145 1095
3067 3949
2209 3749
1368 1778
1216 4457
3434 3445
699 893
2066 3665
1560 4698
909 1604
2143 2679
65 1668
4146 4574
235 930
279 1778
1859 2382
353 1172
2190 4553
542 888
2531 3043
2560 2932
4598 4604
1682 3984
2988 4537
2759 4285
2219 4281
415 2311
1552 4397
617 3650
570 2472
493 1487
722 1037
2793 4806
809 3403
4579 4765
1011 3469
23 3667
1773 4102
375 3262
1816 3806
1596 3050
640 776
1000 3007
660 1306
2268 2795
3471 3561
3113 3231
249 782
774 3022
3378 4265
3042 4353
1632 2538
1090 2377
2075 4544
1981 4157
4276 4844
1306 3547
264 3632
1346 2421
81 994
2994 3703
452 4241
2608 2666
3860 4556
212 1785
3279 4784
1636 2830
2754 3247
2857 3881
745 2861
2381 3785
2251 4278
321 1907
973 1624
1407 4527
494 1423
2874 4642
4220 4365
267 4874
708 3417
1505 1701
304 1621
653 2655
1451 3573
3184 3320
145 799
356 3958
1830 2161
2711 3089
699 3563
130 549
440 2364
2885 3655
2326 2940
1226 4138
2507 3722
4212 4949
834 1780
92 178
1071 3030
1358 2644
1516 2299
3361 4499
817 4960
2373 3694
1749 2830
1763 4474
788 3980
1701 3119
139 2960
4213 4505
3228 3968
4477 4951
572 636
1225 2757
2389 2567
389 3380
942 3821
1036 4446
2103 2198
1174 3951
1730 2502
2134 3131
22 3625
3011 4210
1883 4399
1321 2184
94 2767
1970 4321
38 4648
4272 4754
1523 2186
2905 3299
1004 4963
1810 4049
2908 4712
2022 3840
1372 1702
1644 3553
426 3443
3320 4989
889 4836
2024 2940
1531 3828
955 4164
175 4175
1990 4224
95 4332
842 2478
3491 4587
3920 4985
712 4453
1438 1735
2220 4701
113 1481
398 874
527 2492
520 2681
1418 3373
793 1805
3511 3979
1808 3972
4853 4890
488 2465
288 4533
2918 3599
2501 4284
3347 4543
2311 3167
511 4233
62 4490
2309 3085
4543 4580
1921 3437
2395 4736
2588 3198
2228 4985
1640 4736
4311 4478
429 1847
4518 4681
715 3704
1824 2057
72 4241
1121 3961
1806 4050
636 905
716 795
2619 3811
3840 4241
533 1848
2137 3203
575 3908
1164 3625
2974 3398
1797 4221
1227 4968
573 1741
1995 3039
2170 4154
415 3780
2235 2809
770 2107
2479 2734
2151 2434
107 1616
84 1106
2189 3121
426 2577
2470 3677
2671 2945
294 3622
102 767
522 4186
4104 4857
315 1710
840 3584
1258 4652
1776 4337
535 3794
427 1782
2256 3447
2806 4567
3869 4482
2496 2592
2885 4027
3819 4023
731 4088
2590 4150
19 4344
483 2315
2135 3091
3404 4418
51 2245
500 1878
754 4313
1744 1969
3154 3320
1345 4523
1287 4887
3066 3829
456 4646
3948 4587
1652 2761
1306 2939
799 1783
496 1709
581 4707
994 1477
2885 4691
1240 1527
914 4836
350 2850
2779 4212
499 3771
947 3716
2532 3876
2128 4732
755 4213
20 4412
240 3242
12 19
1725 4230
2077 3581
2098 4091
1624 2685
336 3212
3291 4124
940 2036
76 1758
1281 1903
2489 3993
153 3442
1829 4504
1996 4914
135 1907
910 2020
1043 4863
1509 4308
2430 4269
519 1196
488 2754
1040 4957
691 1299
3380 4449
276 4759
532 3601
261 2633
1876 2342
1449 1654
411 3771
883 2678
686 3796
4088 4235
697 4170
740 4833
677 1467
3101 4687
700 3990
857 3036
4281 4602
2613 2782
969 2050
131 464
2298 3616
3282 4981
1237 4680
731 3116
1835 4103
1187 4601
1285 2224
1215 2727
406 2971
616 4712
140 2519
717 1241
3179 3603
1045 2017
1033 4898
3854 4539
604 3818
1688 4306
425 3236
1416 2196
3848 4303
728 2489
1394 2336
4086 4898
281 2527
2431 4345
3740 4460
2037 4592
980 3222
2827 4093
3884 4822
130 4282
4115 4798
982 3959
181 3820
3838 4897
29 190
144 2872
42 1631
1338 1481
1228 3894
2560 3527
2847 4895
2233 2287
1390 3745
1941 4139
2646 3588
857 2277
922 1690
2605 4470
799 2212
1286 3027
926 2666
2473 4574
728 2709
1749 2788
909 3869
1504 3219
2304 3897
2726 3080
367 3626
655 1484
903 4386
3903 4079
3252 4561
3530 3673
149 1213
1029 1276
2872 4550
79 2226
2565 3305
2251 3798
3057 3077
1076 4228
2100 3560
1724 3598
1965 3548
772 3938
1800 3966
3154 4747
2709 3704
2202 4441
788 2104
97 3236
1558 2777
528 851
458 1700
4367 4713
107 4353
340 4087
3228 3239
1332 3739
654 1053
1394 2020
3966 4364
567 846
105 1206
259 630
341 1786
2296 3898
1917 2820
1266 4930
1438 2200
559 1883
222 2266
83 3045
3080 4586
1760 4019
1961 4940
913 4729
2762 4243
2761 2921
1840 3765
930 3630
473 2565
2846 4145
2306 4971
2764 4199
250 1303
3469 3704
2391 4496
4370 4657
1663 2944
2670 4631
409 2813
362 1683
4829 4906
3111 4340
1468 1560
1924 4547
1620 4399
3217 3481
2812 4601
1879 3193
530 4380
3109 3249
536 610
1919 2284
1531 3335
2416 4745
462 4035
324 758
1413 2076
2273 2874
282 357
846 1754
2776 3064
4250 4719
2596 2855
2638 3989
4435 4949
4158 4640
2079 2920
518 697
1908 4723
2374 3876
1465 3601
760 815
2472 4258
603 3521
1835 3284
1133 4303
2175 3326
90 2527
3118 3189
990 1543
2522 3246
1033 1906
3259 4166
875 3240
1031 3116
2895 4008
3077 3435
514 2041
2019 2761
654 2563
1087 4834
877 3223
2368 2912
2157 3850
3790 4117
2274 4903
1236 1987
292 4123
244 1373
3261 3879
516 1656
3286 4302
1742 1967
1380 2991
12 4788
1451 4882
2049 2546
1877 3807
243 3829
4114 4598
478 2636
197 2611
2443 3159
214 1845
340 2139
922 989
1608 4504
1966 4832
2957 4492
571 958
3794 4984
2430 3801
1987 2957
605 3069
352 2333
504 3215
2653 3799
659 4313
2658 4448
596 2820
2032 2834
2377 3582
3313 4227
1838 4456
167 4369
1573 2581
1715 4089
1055 2032
2240 2709
1295 4189
1666 2381
676 4819
1456 2202
302 1139
1941 4068
1195 2059
1772 2729
1997 3870
1860 2326
2139 4452
740 1777
869 4605
2364 3247
149 2602
457 798
3358 4964
976 1106
2829 4386
2526 2734
1886 3830
3780 4265
1263 3776
2472 4398
2075 4899
88 4844
1191 4835
98 2770
3907 4341
1080 3203
4204 4725
3058 3798
1592 4538
1829 3324
2868 3432
620 1824
1233 3848
1983 2758
2135 3595
2773 4495
28 3777
1615 2237
1450 2962
2405 3478
162 4281
1716 4429
104 862
427 2169
2154 3436
2804 4917
3321 3963
284 4866
1870 2495
1659 3281
255 4902
1294 2497
725 1706
2078 3680
2026 3784
2976 4711
320 4386
4418 4566
1734 4095
1451 3966
2082 3011
700 2469
1188 4224
1324 3482
1821 4990
1901 2530
2823 4720
2609 2785
2428 3372
2515 3335
1432 1631
1208 4764
268 2181
3108 4252
938 3303
1899 2582
306 489
69 527
2230 3088
109 1998
1479 2321
1066 2671
2378 3159
2620 4045
2729 3760
1706 2593
1255 2254
4091 4588
2799 3528
1114 4332
1157 2068
2300 4009
1710 4098
310 381
2579 3176
931 4316
139 1424
2981 3701
1112 3021
133 1166
3389 4042
1880 3730
696 2418
1087 4176
45 3737
1317 4275
1604 1767
318 4497
264 2332
1710 4978
121 4553
458 4181
2908 3058
2189 4669
3656 4285
2028 2675
1472 3755
3279 3620
611 4704
525 2693
2688 4872
1035 2217
2679 3455
860 1667
437 2623
1258 1884
3144 3619
4251 4914
100 4884
2439 3108
1667 4958
2049 4119
927 4414
1960 4364
2713 4506
172 3061
2435 4008
1624 4186
1081 3921
2650 4821
1570 1615
638 2307
1090 1311
3358 4787
2326 4089
1852 2867
113 2552
166 2317
859 4516
1873 3597
2742 3903
77 861
1583 2163
1319 2444
4008 4440
3887 3901
157 3397
2318 3656
1321 3677
1615 2615
1431 1487
1315 1537
422 3204
1636 3439
781 4585
3588 4259
2844 4465
2225 2339
1458 4265
1153 3856
2468 4260
3087 3901
1998 2943
2407 4503
291 3412
1782 4340
3933 4840
443 3479
416 1287
2057 3073
1071 1083
2316 4497
528 3368
1984 4646
403 4861
3943 4959
1377 3534
2232 4519
56 552
81 3682
3316 4320
361 4281
403 4045
1212 1786
1750 4948
32 2985
402 2466
745 3040
1411 4675
27 4561
644 2849
1831 4859
342 2630
308 2041
590 1676
1678 4255
2230 4304
1413 3265
3751 3858
971 2368
1529 2651
1189 3209
1046 3935
1996 2408
2298 2979
2627 4468
4334 4856
3241 4722
493 4706
725 4423
3061 4542
1233 3122
128 4201
1567 4945
268 3640
994 2002
2039 3435
544 2932
1113 2575
1319 1780
725 3876
848 2539
1697 3934
2954 4652
1283 2366
1073 2799
363 917
496 2939
2681 2908
124 2151
1406 1743
3580 4971
1080 3114
192 975
503 4499
871 4749
427 3545
773 4773
4422 4878
614 3889
1160 3229
420 834
290 380
780 1978
1029 1395
2589 3172
464 3887
1320 2785
1120 1396
2999 3928
1731 2031
1780 2325
1736 3032
2936 4624
1851 4787
3423 4860
1742 4304
870 943
1796 4215
2037 2615
4174 4966
1266 2941
156 3729
3155 4529
770 4725
2345 2740
264 2655
7 181
1256 3581
1060 2319
1651 3770
101 2562
814 1021
130 4979
4666 4892
26 2700
1966 3339
360 2053
322 1304
428 2735
4277 4798
1650 2734
232 1561
4492 4843
1572 2378
688 2775
817 3973
977 1067
548 821
460 2878
4320 4849
403 4090
3125 4412
1111 4193
967 2338
1180 3693
3563 4969
102 1093
2108 2783
51 3738
619 3621
2226 3840
3317 3360
408 2176
1700 4430
2057 2162
1112 1935
1198 2230
326 4653
4073 4191
2579 2977
1648 4360
2363 3882
1964 3188
266 692
2152 2532
1577 3028
3007 3834
1932 4532
3959 4667
2479 2525
204 2172
251 2648
3574 4488
2561 4158
436 4410
796 2303
513 4959
2276 4591
2892 3351
2479 4947
58 2686
1710 4041
1274 3119
385 3017
1797 1967
4432 4477
3446 3759
1870 2865
574 2931
584 3738
317 4464
3415 3610
739 3685
1223 4553
585 2331
277 382
54 4303
210 4418
2047 4039
1876 3175
1471 4964
1913 4225
2480 4342
242 637
1330 2177
1929 3912
525 3507
1979 2538
228 3590
287 1731
2195 4219
2202 2547
1420 2977
2259 4540
1799 2173
1451 4452
1430 4589
570 1460
160 4439
3616 3960
2630 4630
810 4954
102 1195
2652 2778
388 693
973 3990
1 1948
2939 2976
241 4016
2569 2716
1813 3859
1285 3807
3860 4269
2967 3117
1829 3092
603 4945
772 1129
2973 4402
3050 4096
1414 2746
1192 1369
2187 3231
127 3247
1435 4234
972 4218
2585 3115
2496 4016
841 4719
733 988
263 3209
711 3398
921 1038
3448 4358
3006 4587
3018 4069
555 1732
638 4582
155 3750
1180 4272
2542 3085
2024 3956
767 4371
3895 4092
107 2025
2085 3156
2979 3147
1946 2011
720 2314
699 3556
1726 2507
1638 3123
388 3006
2523 2968
236 4010
630 2176
3780 4247
572 4703
1747 3928
2721 4451
293 4009
243 4937
1697 2519
1310 2690
348 1765
1382 3241
746 3932
2936 4917
762 2332
4151 4216
3883 3913
2797 4037
1940 3810
3491 4021
680 2102
1003 2344
1640 4394
1466 4773
2020 4723
2665 3000
983 4608
1110 3960
116 2238
1596 4560
151 1880
1724 2604
280 2361
723 881
819 1517
1026 3217
1139 3870
1000 4481
1931 3397
770 1340
374 4127
1537 3772
1205 2256
759 1989
3410 4202
2064 2910
1840 3631
521 1601
337 4900
1160 2692
1798 2607
1800 2086
2409 4989
1683 4551
2877 4387
1649 4658
34 2467
114 2656
4921 4977
4728 4863
3079 3425
3213 3695
2241 2787
3523 3847
1546 3176
2358 2792
1222 2964
1803 3545
929 4788
1001 3509
1775 2739
2738 2777
649 3746
3261 4741
899 3084
1655 2986
3812 4519
1254 2005
74 1386
380 1331
3115 4854
4724 4973
3566 4395
455 2048
674 4968
941 3138
71 3579
2688 3769
2557 2957
149 3029
3885 4153
427 1313
741 1795
1340 3476
258 3669
544 853
2776 4223
1987 3096
865 1154
360 3729
594 2865
603 3509
531 4987
2358 3487
152 1202
2215 3011
1108 2125
2436 4973
1757 3372
877 3717
4299 4497
1248 2889
3527 4025
1996 4957
1302 4162
2897 3204
1930 4275
4337 4417
2590 2950
770 1116
1894 4148
2024 4934
1157 2315
2394 3826
1151 1773
123 1974
2630 3222
170 4370
752 875
2256 4022
1516 3119
1968 2835
1864 3675
2373 4112
1539 3864
2622 4470
2112 3622
938 1764
390 3256
15 2080
2641 3493
1347 4242
4378 4459
1947 2076
3001 3957
603 3715
1210 4206
1071 3457
1009 1476
1891 2475
783 2345
146 2630
285 2273
757 872
742 2593
1043 4335
2804 3386
1139 3848
247 1936
3665 4382
2655 4886
604 3667
606 2304
1517 3002
1209 2983
2541 3305
1088 2638
1074 4441
2286 4635
96 2803
192 553
52 998
2571 3486
2133 2786
2620 2932
1406 2407
1226 1562
1101 3299
523 3989
1221 1515
43 542
1263 1734
3078 4679
312 4910
1694 3804
3079 3959
2400 4517
921 3040
750 2029
3590 4972
4805 5000
2352 3834
509 4056
2214 2945
1588 2206
239 1209
562 818
581 4251
56 3940
1563 3292
426 2293
309 2365
2937 4749
1521 2544
759 1501
999 2428
182 1517
4174 4562
746 2428
930 1957
3769 4385
2487 2628
1091 2654
649 2976
1988 4103
231 4901
1906 3260
2096 4620
4038 4562
4324 4867
2322 3798
1632 1914
1135 4838
1162 1722
1604 2558
4811 4889
1973 4347
456 1640
3068 3888
4173 4388
4134 4187
2066 3940
3400 3400
1702 1825
1535 1545
4269 4646
1949 3245
2824 2839
1338 3644
804 1489
987 1747
19 2998
53 404
44 4678
1451 1527
626 4362
1089 4221
1722 2981
1773 3618
4495 4967
2063 4473
327 2840
3695 4871
2319 3285
7 3095
1961 4234
2344 2895
2308 2915
1826 3300
422 839
2642 3808
2339 4797
1602 3041
723 3422
226 2581
2064 3245
627 3232
3338 4936
1153 2252
941 2353
3308 4636
825 4217
1023 3573
347 1373
1321 3790
1930 4079
57 1524
2759 3769
4135 4959
1141 3147
2293 4810
579 3781
1104 3737
2749 2957
738 4574
579 1987
1366 4243
546 4421
2474 4868
3230 4080
2148 3821
726 868
1457 3054
258 1018
2096 4676
918 3809
2145 2184
734 1930
427 3847
3260 4763
2023 3727
1215 4181
165 4031
2931 3920
1282 3580
2435 3533
1023 4562
59 74
258 614
4180 4702
585 4338
262 1099
3809 3832
182 4473
870 3641
1079 3382
2695 4767
1230 1693
2296 3749
2102 3972
2780 4973
424 4104
784 1414
505 4314
361 3611
553 3087
729 2892
895 2618
1309 4877
32 2405
440 4407
74 3889
925 1281
799 2128
8 282
3578 4206
1405 2472
2263 3602
4161 4321
2986 3454
269 2598
2776 4047
1569 4865
3551 4131
4453 4829
678 3659
1943 4921
1989 3332
3599 3663
1057 1133
699 1100
238 1014
1877 2632
4178 4226
4700 4803
25 346
1021 2918
1085 4035
61 1855
2981 3969
3197 3245
761 2414
2823 3894
1423 4701
3677 4116
495 2592
3702 3944
1706 3400
597 2859
345 3569
2514 3756
4088 4193
830 2943
221 2953
2577 4088
3367 3452
4110 4891
651 3347
2935 2971
582 2391
3689 4131
1295 2732
90 358
934 3697
796 4331
1481 2463
1035 4218
2319 4503
2362 3714
1491 2122
543 1334
4342 4557
108 3579
3419 3711
803 1359
3937 4847
1900 4928
1862 3884
4318 4625
115 2404
599 3599
1312 4705
1527 4391
345 2573
3049 4284
2332 4384
1222 3132
3342 4729
997 4369
965 3232
408 4811
2726 3546
2046 3794
919 2636
2937 4205
1519 2428
2820 4012
2361 2735
1547 1925
2079 3643
173 570
2992 3320
2004 4972
1183 2944
2946 4512
1583 1973
332 4815
164 614
1215 4722
2713 3487
925 2278
1905 3826
672 4612
596 2245
441 2235
802 2330
3572 4907
618 4169
959 3156
1212 1259
520 1704
999 4603
886 3919
222 2198
719 4725
47 3021
399 4720
1261 1274
1012 4744
1542 4042
2336 4048
2745 4074
1760 3151
159 4452
2397 3054
448 3896
1149 4557
722 4923
880 2403
799 1762
1614 2654
457 1968
2168 2810
3450 4379
1463 2653
3034 4542
391 4076
1140 4116
518 2399
4114 4909
1290 3880
2742 2782
2496 3702
2463 3332
2646 3631
2590 3342
3069 3414
4043 4606
1041 3021
2415 4928
1504 1549
129 4252
368 689
2622 4345
1564 2766
449 4209
385 4635
1414 3947
2047 4024
1756 3372
3806 3968
1760 2893
1250 2842
536 3945
3714 4197
554 1491
4684 4859
280 4490
2397 3735
1665 3693
3167 3391
81 2739
923 3489
1112 4048
931 1989
2040 3995
2043 4158
1674 2106
1918 4960
2313 3296
1509 4677
1462 4908
201 1356
3085 4047
254 2222
1079 4895
264 3604
1079 3206
2123 4018
2838 4956
3593 4460
2109 4305
687 1902
321 4355
2046 2893
3359 4456
71 1214
2272 3985
858 4730
4076 4464
332 1900
490 1996
69 2861
1124 2973
2948 4551
4707 4849
1629 2347
1398 1902
3341 4033
1867 3083
775 1192
2297 4889
2702 4390
1288 2156
715 4311
221 2948
553 1631
3659 4727
1982 3707
3495 4359
491 3800
835 1526
4174 4901
940 1964
303 3180
1750 1828
1757 4795
1983 4169
2004 2474
697 1912
1364 3323
847 3245
2857 3507
2133 2154
1280 1767
1592 2679
1806 4527
316 1142
381 1002
1166 4644
1508 2225
70 1281
2881 3999
942 3473
2203 4641
1101 4869
21 1522
1444 1899
1367 4129
192 1995
2076 4868
1944 2886
1697 4733
1235 4323
1247 1873
650 2049
1263 1408
1210 1541
2693 3978
2528 4257
3763 4890
3998 4002
2536 4801
1838 3730
3394 4558
536 3299
1779 4761
38 2231
2507 2871
1048 3177
1128 2670
774 2332
1286 1947
2500 4432
976 3424
2298 3583
174 3422
1960 2888
4146 4151
2767 3775
3916 4216
1553 2897
4502 4977
690 1470
1692 1949
3081 3532
680 2979
614 789
303 2135
498 4530
904 4764
3405 3838
543 772
2843 3996
1992 2656
610 4781
189 821
769 3305
981 2597
3209 3396
91 4390
3829 4550
2242 3113
1597 3430
3870 4537
2906 4127
890 3575
225 1701
718 4601
2244 4022
513 1037
1832 2150
1695 4417
1891 4127
1935 4465
676 3666
1538 4869
157 1266
1214 3496
644 2842
388 2005
3281 4392
68 3946
3427 4470
1726 3358
440 709
3953 4697
1735 4986
730 3029
2675 2986
1403 4329
1140 2106
314 3191
1882 2016
3035 4929
157 1621
549 1253
861 4975
474 3017
4763 4984
2219 2440
676 2593
3342 4718
591 3008
2322 3587
427 4561
2978 4455
900 1637
2087 4974
895 1525
2464 2699
4614 4695
839 3928
898 4003
488 2932
2361 4532
260 1341
1097 4565
1686 3535
597 4078
443 4599
1567 3421
150 3613
1597 3241
291 4568
3226 4451
330 2832
2922 3234
3028 3963
123 1856
1766 1796
131 2124
742 1298
1253 3775
1143 1936
2612 3204
872 4139
78 1600
1113 4097
1385 1824
993 4411
2852 3063
309 616
713 1633
1035 4132
319 3867
3469 4340
2141 2252
2122 2582
248 4088
2136 3181
4143 4689
185 347
1682 3570
2325 2980
1943 3695
1774 2030
291 3287
22 2091
1013 3588
914 3556
664 4624
1342 2390
765 1162
965 4834
1215 4058
1233 2665
797 4570
463 4160
684 3496
1550 3130
150 2005
2070 3493
725 1994
2401 2833
3160 3183
2580 4994
600 3569
2403 4548
924 3667
1377 3072
1001 3827
2703 4514
581 1547
2259 2766
1252 4216
2276 4638
995 3422
603 3525
2542 3582
2574 4750
557 4057
4164 4590
2074 4620
308 2835
754 2657
1412 4444
2065 4584
2409 3216
797 2866
2322 4433
92 4794
1955 3891
1059 3138
3823 4500
1587 2293
1396 3223
2032 3892
829 2925
3021 4914
280 4185
3025 4291
1834 4333
3232 3444
1331 1688
572 4749
2361 2769
654 1423
406 418
1990 3516
545 2922
