5000 5000
3424 1731
428 1805
1323 2045
2191 4353
167 539
4164 2839
3893 3683
3875 18
1042 4077
2855 2678
875 967
2775 3418
3391 1911
1928 2293
3294 2262
29 901
3241 3074
2724 218
2971 3553
3288 1560
4448 1451
66 768
3687 4431
1466 3697
1103 3004
839 4429
749 149
2198 1627
1355 3107
1774 2159
481 252
377 1438
4268 524
1717 3582
3776 1820
4878 1597
2669 696
2255 3055
2285 3392
2482 3619
4707 390
4271 4205
1440 4838
762 592
4965 1855
460 462
4733 4089
3229 938
1780 1287
3494 2550
4576 4329
1873 3183
1870 326
198 4162
4175 2739
3697 10
2445 2558
4686 2445
374 942
1494 3185
2779 7
127 1910
4871 3476
439 3718
3520 3513
562 4780
384 1011
2590 873
3093 657
2706 4982
3379 2721
2758 3248
4209 4800
1467 1707
1839 1310
4436 4609
2034 363
4775 4998
2159 4773
3527 2216
3255 3332
4313 3464
475 3046
2151 2396
3921 2099
4675 3488
2547 3071
1996 4374
1029 3904
2064 1051
3402 3542
967 4652
2686 2140
2056 1510
4494 4668
3544 1555
557 4812
646 1092
1692 312
2870 3497
3940 4681
1193 3400
2220 864
450 3548
2939 606
1043 4963
1169 3439
1198 2717
1876 480
1688 4192
2139 2418
4359 557
916 747
2740 2460
1420 1359
2938 2053
4740 4799
674 3524
3915 3551
4011 2334
3570 3801
2483 2581
2407 1673
917 3494
4890 1946
4026 1368
1347 4997
1744 1980
2264 4758
4206 3110
446 649
2420 1892
1554 3760
4213 4873
3305 2878
3623 3508
3127 4080
1852 4037
190 1155
588 1363
3747 1833
4778 2152
4795 4834
1413 3481
1430 3608
4127 2692
3669 683
534 2353
4947 668
976 383
3154 609
69 1946
4882 2134
340 2733
1431 4146
536 1379
4902 751
4908 2643
1428 1650
182 1040
3239 3887
881 3389
4800 2812
2343 4514
4806 1667
1462 1534
1483 4466
1168 2473
3128 587
1356 4172
2627 3242
2720 1951
2063 2055
3337 2585
1365 3863
2067 1816
2847 2472
3884 3126
3883 2751
2632 1314
2393 263
4733 4778
1091 2922
498 4060
1588 3558
1404 4649
1465 137
442 607
2538 2516
2803 2610
461 2892
2399 4475
1066 235
3980 2026
4031 322
4281 716
3778 4303
4564 3153
1990 1680
1716 3135
1626 4223
4673 4705
4029 1215
4521 2713
1674 4980
1754 238
4605 2542
2656 4336
2933 172
1200 2546
1459 4055
4644 4990
2617 2391
4436 2475
3629 2291
1767 4917
313 4032
4486 3841
448 4298
4274 3969
781 292
3844 2645
273 2484
3653 4653
1533 2822
2136 1020
2330 3196
2189 305
3534 2734
1096 920
3754 4242
308 4949
3273 306
1849 718
2338 4651
767 1104
2314 2711
4807 4524
1011 2626
991 4824
3653 3039
326 2055
1839 584
403 2504
2239 1543
4793 1792
3543 4111
877 3151
74 589
2316 4406
1538 3992
3163 331
4436 1078
2951 3903
1304 1829
2010 4682
1966 3055
611 2748
1907 353
3723 900
1426 943
697 4573
915 195
2297 1607
1255 4032
871 1806
639 4662
1219 3971
3644 2145
3167 1247
1432 193
1734 4908
2263 347
2380 1448
2900 521
2685 636
3456 2314
3253 1519
2612 928
478 2937
3125 585
1231 2887
2022 3992
3244 2272
4817 1390
3077 4818
1418 1308
3694 732
2301 1523
2656 4269
4048 4151
3042 2824
3667 4350
4897 113
1651 67
4337 3840
712 2831
3436 1364
296 2169
4560 1773
2113 1572
1470 1386
2013 4712
2682 4549
4289 1387
1603 1407
532 847
4100 976
4664 983
1903 4002
2419 2634
1083 602
3858 4556
235 811
1817 3181
159 128
308 1288
352 4719
2143 3322
1612 2828
53 4792
1734 3017
464 4854
14 3261
3951 4000
667 4197
3877 4975
3674 3290
703 3284
3518 6
3678 2902
399 1946
3885 2938
1999 2545
4379 897
4275 726
3708 1220
2404 2772
2619 42
2465 2613
4020 3008
1102 3983
1060 770
3932 1421
1267 2182
655 1568
4897 3869
4660 4904
4953 2194
2469 430
1240 3632
3779 3131
4908 2341
3162 2990
4779 3859
388 1823
2086 4682
3840 352
2777 1835
1355 3792
2414 3195
2228 1628
2375 3581
4480 1919
3931 208
3738 3634
2952 50
441 3209
1675 3286
1823 4049
925 3271
2373 4980
1601 1698
3116 4731
3190 125
4896 347
3202 561
4569 4577
1762 787
27 364
4509 217
1049 4314
2432 4985
728 2107
1209 3301
2310 1051
4377 3179
954 3538
1248 676
4558 4013
2623 4511
3366 3792
2018 3158
419 4963
54 624
3768 743
1550 115
4436 2070
1409 1513
423 2614
948 3110
4217 3032
4703 4910
2621 1337
298 2461
4557 846
4415 2192
751 3923
534 3821
1044 612
583 3381
4184 2537
4705 1161
1733 3525
765 4005
1319 1713
3785 2731
1092 2433
1088 3760
4586 1973
2126 3274
3230 2377
3747 4267
2786 480
2402 3030
3093 823
4835 4373
2409 3286
1451 321
2782 1149
341 3491
859 2732
2497 1118
1191 1330
1383 2369
413 2536
3699 1644
2662 977
4347 2954
4573 3304
3059 3158
2143 2428
3920 1282
2729 4593
4602 3195
725 3895
4761 3847
1095 754
4345 2223
1296 3148
4774 1607
1559 2923
767 3997
4787 4928
4419 4930
2857 3711
612 3280
3221 2475
3474 4905
2903 838
2025 3798
1343 1138
4522 3466
157 3683
4343 4060
2076 3780
865 2289
4623 632
1669 3765
1649 434
4479 2332
407 1448
2832 2667
649 2228
2979 2509
2557 4947
4678 3080
794 2707
3994 4150
2952 3793
2732 1036
2587 2709
1248 576
2689 692
3814 2785
4438 457
1232 2621
3249 3523
2072 2969
4938 2794
2341 3494
2140 3561
4059 391
2905 3959
2493 3919
220 4638
2996 735
1096 2063
3342 2701
1076 2280
808 4145
4915 1546
1046 165
1775 4474
234 3303
2045 4290
4320 3942
2590 4254
1528 715
405 782
2347 2329
4139 3944
2166 2031
2063 3000
4673 3363
2469 4056
3258 2706
1189 2839
2961 804
957 3977
1620 2961
3185 1505
4291 2649
4114 1684
4924 4391
357 868
4644 1989
2106 298
3078 179
4436 186
3827 4579
1094 1217
1449 4430
3651 4106
3002 1382
2038 810
1934 2356
685 1003
1080 341
3020 3062
4051 979
179 2652
4548 2131
3319 3958
3674 4671
4492 543
3502 3573
3010 1494
4724 1357
3533 4139
1879 3119
2763 4881
1658 2478
3761 128
4092 2604
187 3409
2899 3533
4244 717
3906 3473
2042 4816
4178 112
2292 1051
1891 2932
120 2420
1022 2081
854 4627
3833 2346
2722 2698
3852 4342
4445 23
1346 3623
3057 2861
3658 2860
2904 684
1337 125
3673 1570
1289 2383
1869 904
2724 4078
4804 2912
3351 3168
3466 1259
1203 3242
4396 348
4735 2359
4097 1853
2689 4095
1602 2547
1551 1995
3492 4873
4288 1434
3932 943
2427 1322
1819 2976
3840 2601
1057 2312
4060 1423
4195 3034
1517 4662
4130 4772
3270 2164
3924 4367
1064 2312
676 3211
4626 721
1927 1440
4756 1668
4153 571
4124 2724
4056 3087
4203 923
630 2235
1978 993
3612 2953
2569 2830
35 149
170 821
3775 2843
1116 2311
441 3632
2825 4032
1584 3486
2888 3597
1273 463
1254 1297
4510 1411
4114 1023
3196 3318
3707 4823
768 3382
838 3035
2626 566
4681 2450
4222 4372
98 677
1328 902
799 2994
3754 2718
649 4849
1658 4436
2693 1504
539 1948
3628 4335
3166 1897
596 3846
3020 3909
4654 4317
3489 4175
4739 2215
1772 4859
3475 3117
3879 4480
953 4780
4198 4471
931 1451
4340 1842
2715 1476
4314 3657
519 888
4868 2755
3718 4512
14 710
519 3412
4625 735
1772 4507
4579 3570
4070 4735
313 2864
1920 280
2709 728
3960 3763
1942 3370
4706 4017
2373 1222
360 3281
3220 398
4141 2929
1381 406
3799 1185
1198 589
3307 2816
4449 842
162 3117
1743 4466
4349 4646
4798 305
1231 1471
2140 3191
3013 2025
1954 3854
4305 3373
1497 1766
3308 1234
1237 875
147 4998
3440 1062
2313 3959
4865 1064
3207 3666
2959 4627
4509 2860
3298 1831
2410 1995
2723 419
799 4921
3453 419
4443 2210
252 4342
2897 3564
63 940
2194 3838
3710 2449
1686 832
2061 2835
489 413
3171 4502
2130 167
3757 707
2436 209
953 1354
1360 535
3966 2601
854 393
2878 262
2793 4812
1465 1023
4447 4589
2865 4163
1466 4837
4846 917
3533 4702
747 4833
1246 195
3352 3084
3414 2147
4240 3527
1839 2936
693 3320
4291 569
1098 1972
4237 4825
2978 2137
1416 3145
2823 1898
976 1822
631 726
2073 3872
2414 610
381 996
1902 3858
4184 508
3971 1846
2625 3736
4019 4975
4964 2935
1152 1553
3723 936
3599 2207
2831 2949
109 2956
3115 1262
2456 4574
3521 868
1129 3201
336 1980
4422 1707
454 4947
3372 2033
9 3488
3385 3889
2960 176
3668 1720
3316 2237
868 1827
3970 3012
1606 2221
2778 3638
1267 2671
1163 4566
2871 2955
3055 4472
3679 3450
4694 1705
1257 3759
191 1959
2978 3092
764 3936
1934 4542
4749 2336
2454 2691
2087 625
412 361
2140 589
927 4743
4762 4689
2095 1131
3247 711
4347 1316
2973 3814
3199 4879
840 1783
4133 3181
2111 4595
4026 2283
1163 3289
617 2236
948 4091
557 2165
3180 287
3217 556
2536 1218
4418 401
2056 2477
1119 4907
4280 1835
842 3677
4791 1676
846 1514
2478 893
3648 833
3587 2579
2 1018
1441 226
3925 3393
4448 2849
51 72
4448 1549
2252 3286
2361 4257
4732 382
1309 401
4207 4476
340 4688
1308 2751
1916 4933
4654 3885
3545 4312
678 1498
2818 652
2966 4109
2632 644
340 684
2264 978
2956 1154
1564 2745
2896 2699
4911 1856
1827 4873
2228 2146
4142 4299
532 1927
3619 814
4822 4911
818 3769
4737 2823
1285 1932
4731 3435
4987 3644
1598 3576
2345 13
1799 3033
4462 2249
619 3454
3001 44
2868 3042
3438 1442
2764 338
860 3321
981 3335
2507 3945
3937 2414
2975 2737
4432 4592
2533 4539
2898 4011
2490 3
1429 3138
1355 4734
713 2594
2091 22
4412 1204
3276 4933
3938 328
3207 4277
659 2525
3063 2439
4302 410
4577 2041
2965 795
4915 4482
4817 4532
2919 509
3283 4552
1542 138
4537 1069
4815 2595
1190 591
3332 1811
3156 1632
19 1272
2295 2498
4930 2988
1219 2912
1714 1377
626 2396
4947 3727
1519 3918
1217 1184
1687 4837
3080 4824
2155 3338
3912 1657
344 1703
840 4366
354 2153
3667 4653
2634 2705
797 2641
1923 4471
2535 2929
3375 1870
735 780
3921 2324
519 2322
3251 4814
4337 3046
3887 546
1258 2346
1860 1090
4018 3798
3901 4219
3619 1965
837 701
1481 1143
1942 165
299 2649
884 1776
2632 4061
2360 1325
354 1586
4949 2141
537 2289
3936 4567
1199 4589
606 4093
161 1220
1481 2057
4330 3107
3638 1619
3855 2046
4023 4842
1676 2028
2719 413
4897 1023
649 3912
4379 3952
2225 1737
157 2926
3719 1340
3279 2492
2045 2888
4433 2022
4362 3870
2100 4149
479 445
1128 1032
4250 320
55 2503
2995 1719
2949 2747
2051 2991
3900 2854
4679 1443
4896 1885
2675 3826
4810 1133
2642 2993
4669 13
1792 3459
2122 3365
1522 4020
3390 1522
4623 89
4732 3072
4555 3105
2495 4718
4751 3910
3980 3022
4866 3346
2474 45
2075 3543
2827 3276
737 312
4827 2508
1710 4223
3710 1123
3311 1968
1375 921
161 2182
1780 2442
4559 4426
4583 1388
3247 3651
3234 1434
3876 356
476 2750
4040 3633
704 4123
2662 3910
821 2934
2288 1803
608 531
4319 4784
3507 1510
1519 4647
1433 4508
2278 3715
1608 4613
3047 1812
1607 1550
734 1420
4088 3941
95 2992
1231 2029
1649 146
3929 23
4665 133
3794 3248
1691 3880
4944 2701
3894 1974
3912 2679
4756 1587
4301 1129
813 4999
3683 1772
277 2125
3522 154
2153 1994
4951 3869
1035 2824
3548 2452
4 2862
2857 252
398 4259
1777 3490
29 1416
898 4257
3170 4957
2608 2784
572 1397
3622 4980
3579 711
3906 3096
698 173
4336 999
1725 950
463 1603
3932 3358
4413 1747
4446 4860
2228 293
1137 1612
1477 1849
3828 1131
759 2784
2980 969
352 2381
1659 1192
3890 4884
194 4039
1066 2914
561 3738
1822 1968
2848 1443
1687 1892
3953 4115
3611 2218
4054 2874
2784 973
4779 273
4471 532
583 363
2751 340
329 4923
4268 780
3743 2340
2578 4578
3210 3815
4861 1416
1128 480
1285 2552
1096 1799
1083 1383
1508 2711
2535 4154
1371 4765
4319 3106
1997 1905
3283 2666
4910 2447
28 1299
1277 3045
2837 2547
3155 134
569 3696
180 1138
1705 490
3416 4839
3692 3192
2151 4677
4828 1759
1595 2741
253 1207
2437 4092
1526 2405
3501 707
1026 3980
190 595
3722 186
4781 3244
1073 4327
383 1977
3241 2383
1476 2536
4888 2307
2498 1501
3285 1256
2881 4605
943 1692
511 641
1902 815
4337 927
1962 8
2162 3333
91 4776
236 315
2039 3683
73 701
3217 1025
544 1889
4811 1741
945 718
2088 2041
3691 3705
3368 4094
857 256
1526 330
4577 3660
4298 276
3803 2687
2803 4464
1287 1102
4285 4723
1930 4896
550 4011
821 1085
3475 3437
4616 1864
890 1558
561 2226
4585 1995
623 3955
4324 4979
292 3562
2456 3354
1909 3168
1598 906
4469 3742
325 3091
289 227
856 2038
2520 2525
1599 1927
2774 3619
1268 491
3590 2042
1371 3032
4378 1670
2358 3609
960 4745
80 4217
2279 3756
4896 2870
1164 2880
1254 1165
2417 2757
4002 4292
3570 3656
4098 2278
883 4144
4447 4876
4953 4806
2207 892
1438 4366
1952 2301
2655 2213
4674 4061
3339 143
125 3751
328 1718
4411 1210
71 4662
4866 484
1742 1173
4286 4879
140 847
2810 2469
714 77
3657 2090
4322 1858
994 1449
830 36
3377 3089
3194 1030
3908 4203
1987 2132
2780 3294
1332 888
4505 4760
2131 3404
3769 2516
1320 3942
2668 4925
494 2165
4215 1872
193 2225
2160 1330
2198 413
3921 2475
4504 2081
3149 1727
3695 2905
3384 1915
2802 4381
4499 1306
891 2152
2096 3443
460 3428
1372 4456
2695 4980
3062 2842
444 530
1481 4581
1692 4740
2171 2027
4362 2027
60 3844
1779 2308
3120 1491
2617 3998
731 1182
4659 3044
3355 828
3699 2723
2482 3387
1136 2831
4021 3993
753 4829
3532 713
4841 2441
1968 486
4894 3705
1001 3887
2774 417
3929 1901
409 2312
2699 762
2901 4532
1840 3020
1648 2149
1578 3168
87 1976
129 1611
564 850
3581 4204
1519 1414
397 68
273 949
2303 2147
3631 2109
2599 988
1327 778
4330 241
728 3175
2268 2234
4691 4618
906 200
2454 367
2501 1242
3023 157
2912 1053
3507 1119
2956 2029
1174 3228
1669 1023
2397 1895
1611 406
1594 3831
1908 502
1013 4007
1753 2859
3481 470
3334 3292
4762 735
1056 1331
243 2116
358 1603
4006 2274
4248 4290
2601 4558
1794 1978
3064 4238
3326 2435
4202 2160
1245 343
3789 1056
1745 3524
724 858
1470 3163
4321 3762
830 3136
91 2724
4889 1727
2096 1858
4276 4683
3514 3304
4215 3511
2746 411
481 3533
3530 1727
2773 2870
955 2931
874 4975
4573 3198
4530 3813
3209 3237
2558 1566
3843 3287
2138 365
4533 912
3184 4478
3306 1317
4896 4480
4413 490
674 2556
1903 4725
1270 802
2921 3918
2093 1739
1922 2558
3068 1545
2395 4692
480 629
3558 780
3427 2820
3096 2713
4561 4024
4358 4632
4599 861
3658 2869
4505 3733
1428 160
4320 2135
417 3785
1306 2139
4724 2428
3938 4364
3844 1830
261 1572
2267 1377
1286 3932
3683 665
3359 564
186 661
3143 2034
1985 1637
741 4980
4507 653
2914 4251
4803 3956
3565 2938
2751 2123
237 1085
4056 517
1508 3536
123 2162
3857 3905
3775 4305
2455 2717
1396 149
3548 3668
4518 4051
3790 113
4313 3598
800 872
4616 1174
2978 4436
3377 4977
1863 4620
1647 2157
1078 4306
2931 2464
2816 1206
3320 3070
2473 298
1830 2659
3912 3086
3744 858
3409 4923
4941 727
2389 841
2231 1967
2184 118
3272 225
4391 108
4316 3447
4687 3640
3255 1195
1615 2783
4448 3569
1732 478
568 1936
3343 4401
1539 1008
2350 4312
2363 865
4491 3515
438 4269
157 1420
2355 796
1992 2415
2124 2649
485 1937
2015 4611
2641 4176
4952 3742
3430 1377
187 1416
1312 4490
2382 4447
2132 1662
3111 3095
3039 3069
1839 3120
3348 2207
742 325
4994 3746
1756 1574
4186 1953
4777 3238
4778 122
2104 3850
413 1209
2044 1692
143 4837
4067 498
2820 1596
4945 3767
2648 2415
3980 828
376 4061
3619 2065
3261 1968
1118 925
196 3119
781 1030
272 2045
3084 1159
3389 3344
4998 3147
2627 973
395 740
1281 1277
2534 4959
1788 4460
250 285
418 2015
4820 2870
4439 4049
836 4909
3882 3923
1406 3085
2777 3624
2977 3996
644 2927
2784 2149
3929 3298
4133 932
565 2217
3739 2945
238 1434
470 1518
4695 3841
3685 1334
1679 3155
2040 463
2583 1635
3182 3859
151 1657
4464 4554
881 833
789 749
4785 2541
3435 675
3496 638
1074 1264
4143 4928
1112 796
297 574
4984 20
3895 2836
490 4421
3670 2138
3558 1849
103 2951
3120 4025
63 4711
917 1007
4425 3607
4306 1091
2261 1813
2188 3055
4855 785
4557 4082
3083 4133
1992 1856
3684 1757
1857 4790
524 2722
1362 2644
3787 4996
1323 3003
1620 952
1548 614
2210 3364
1957 4644
911 4032
4624 3681
3571 2921
3676 4302
3631 165
3816 3540
4112 4007
4596 1189
524 4492
427 157
1789 4828
4145 2302
456 3858
1257 1894
67 2684
1501 3268
4577 514
4048 3
1511 3586
379 3016
2063 2844
2505 1598
858 3982
1364 2544
4766 3631
1424 1157
1877 2475
2140 4325
4174 2988
2489 4721
4086 3176
3622 2384
4735 2652
4770 2956
2397 1399
878 1687
4786 1465
495 3361
4898 4852
832 111
492 3663
260 1762
4769 4434
1026 1410
1787 975
4446 26
4351 2963
1944 1198
1251 3360
3885 4265
1808 4499
4332 3122
3156 363
2358 909
869 2717
2501 3860
1485 4163
4489 4258
4720 303
2140 3296
1438 4390
3123 1392
30 3921
58 2696
1154 488
4701 2523
3849 2352
269 3121
2200 3686
352 1019
2724 3962
4278 3668
4729 1102
4857 4004
693 267
2104 1595
695 4407
2614 2763
800 3902
3402 737
3637 1555
4910 1763
2458 3691
4987 803
54 3804
1163 2821
4243 3168
1352 2354
4510 2971
3394 3102
2396 2952
2057 4944
525 175
553 1401
3329 2595
1374 4500
1216 1292
1927 171
2295 3318
1176 4382
1175 4743
1560 1911
2961 349
1209 77
4192 3641
1532 3447
101 4618
4337 1982
1848 1289
1705 2179
2351 2441
388 2658
3871 149
4328 1459
1911 3806
4713 223
1364 1341
58 4417
4761 821
3757 237
325 819
3091 3677
781 4504
4032 3458
1877 3431
4047 281
2045 523
1208 186
2469 4379
3052 2876
2708 3956
4830 2191
2633 4191
85 2389
4236 1011
346 4280
4971 906
2566 3697
1683 2124
257 1402
2083 3120
2280 3627
1590 906
148 377
4508 2681
446 683
4991 1644
1199 185
3124 2732
755 1227
4040 1102
431 1338
2574 4097
355 4487
4855 3488
3527 4043
2838 1804
1371 1172
1150 363
2332 1831
2515 1743
1778 3331
4450 2175
2438 4591
3798 3917
3029 3978
4594 2022
459 4904
1581 1259
2805 3421
3963 2567
4783 1450
2562 1334
4025 3878
3432 4176
551 3740
411 3183
1260 2019
994 3420
1520 3037
757 1594
3700 2948
2719 673
2756 4847
820 4504
4688 3411
3250 3634
3840 1890
524 1342
773 1131
4525 3886
4041 3447
898 4085
2438 2421
178 1498
4401 480
421 874
571 2473
3031 4428
1528 4878
492 227
499 4759
3657 4290
954 3323
2456 3004
3260 1545
1137 2244
1135 4820
1769 383
2543 3441
833 1661
246 87
1187 4742
113 2309
2676 65
4318 496
4036 3996
3266 1227
2208 1874
1790 3572
2702 269
2160 3626
1069 2295
408 1209
4490 4902
818 4707
3703 1462
3554 1312
2061 189
2244 3971
4589 216
3398 2851
1617 4413
1180 406
4604 1786
4205 1505
3660 1056
1023 3458
713 4535
450 1090
799 1446
3467 4039
4760 3584
3516 3398
4671 4493
123 2430
4172 4634
1482 3895
3011 3660
62 4664
2333 657
3666 4311
4919 3866
1106 675
1832 494
4304 3609
949 2792
4605 4834
3301 3029
3778 863
936 2693
1293 881
3737 1969
3894 4140
943 1465
1459 2158
1409 3975
1561 2620
676 3165
4096 3319
1975 3112
4545 805
4160 2747
659 2079
2022 615
1374 2717
3111 3123
4314 675
2233 1004
3164 1343
3812 2861
3607 3261
3429 1421
601 1323
656 997
1866 1920
492 580
3021 1659
124 687
1024 4684
3216 4629
2471 4525
2687 3858
192 4365
4786 3613
256 638
150 894
4664 1453
2653 1324
3119 3100
4405 1824
2398 1138
4573 3099
3557 1940
1825 443
404 615
1843 2469
3248 529
2651 4451
2402 4182
1861 4736
3430 976
885 1688
2958 3666
3030 271
1133 4997
4429 2569
512 599
4959 4246
2542 656
4398 1180
2736 4451
834 2565
1638 4980
1831 2496
1210 834
484 3622
2888 2221
4041 3814
451 21
3359 335
4994 4752
2735 1576
4536 24
1117 902
821 92
1211 207
4595 1865
4072 1699
3526 3246
3426 169
2090 889
4424 763
3980 373
730 2119
4035 1538
2152 4506
1666 688
2630 2488
3032 583
3568 1964
2303 4719
275 2775
198 2646
852 340
3664 4820
2101 1776
2821 3082
4724 2597
1953 743
207 2613
849 3869
3282 3314
1096 2119
802 3630
2560 3495
585 1285
420 351
627 1773
4152 2781
558 3126
4503 4684
3448 2908
2157 2730
1900 317
418 2703
463 4063
3211 1251
303 3374
2834 2854
2147 3864
530 3446
1709 2154
2068 4168
276 953
1073 675
1565 872
4984 3052
4808 1382
87 981
3017 4635
502 4636
4291 4519
4750 3956
1751 237
3382 3972
1151 347
1656 4881
2257 3299
3491 1468
4457 3494
1791 2801
4215 1034
4581 3620
3652 4600
659 4993
3505 2812
992 3289
4679 590
1153 889
1389 2445
4685 1890
416 2483
1406 2575
4933 3309
3725 2793
237 3863
3577 4665
4779 2337
4739 1119
3391 1141
1055 1772
1290 4379
292 1460
429 3039
2573 234
2306 1825
276 1064
3050 274
665 2374
2143 1883
1179 4594
1527 1675
1470 310
2997 826
980 828
1347 633
1307 3859
4520 3642
1673 680
2357 492
4940 1340
3951 1083
1969 2867
3432 2702
4783 3394
1259 2606
4560 873
1140 344
3797 3610
944 3129
363 4384
3264 1278
1298 1179
3208 4478
98 2599
3646 2859
534 2123
1588 3255
2692 5000
4124 1274
4973 3176
3066 3723
2689 4064
3915 256
158 3250
4575 1985
2911 579
3497 3768
3868 2813
2066 2717
3856 220
4188 3124
1224 4958
2041 4440
1361 3220
3468 3181
1932 1924
1738 1807
519 2944
1499 4281
1632 3771
1994 1030
3743 2314
387 4513
4728 1219
1658 4864
4076 3754
2577 988
787 352
910 2804
1987 4590
302 4897
1487 1780
4920 3838
516 495
81 2761
204 4155
4211 4413
4593 4241
3039 1247
2456 3391
2636 445
4585 1028
4365 3622
3112 2042
2840 2529
3951 4388
4389 3648
2474 2190
3470 1663
4589 4261
3446 2807
3371 1660
4683 3272
984 627
780 4629
2006 2948
2545 4890
3790 4764
1122 563
2782 301
1723 2439
76 1732
4402 3614
1544 4919
3638 1575
2422 2994
2500 2129
1752 2180
1120 14
3181 674
1829 184
3403 3848
2771 1677
4277 121
2973 1139
4359 1099
4927 201
2817 1558
1064 636
1285 2244
3252 1384
4928 4551
3283 648
1387 2817
414 1693
40 2344
1973 3738
2327 454
801 3301
1893 4357
1757 1792
4930 1285
3949 902
2182 960
1226 484
107 4908
523 3772
1085 3558
3467 4298
1239 1628
4593 3839
1241 1366
677 1228
2907 2200
2817 4361
2127 4183
4641 2657
3263 2210
820 1521
195 1211
4878 4466
3422 906
864 1131
199 3110
4161 1456
2193 728
4403 2936
470 3465
4992 934
2366 1853
1594 1052
3861 4247
3671 3566
4124 4399
4989 2924
3267 3052
3480 1784
3742 1366
4714 1341
1672 278
3389 1239
105 3666
4451 4401
1323 2009
285 4491
481 440
2731 4666
3057 3091
2782 1214
2018 874
2264 4872
4204 2451
2825 2480
2187 302
3675 868
2468 674
3298 4940
2774 1716
3812 660
284 3186
2588 520
4301 2200
2034 3378
4958 1888
84 853
4722 4933
2426 3350
2456 1102
1303 1543
255 3109
3548 4588
4476 627
1379 4664
4034 373
3589 949
3049 2142
1678 3910
2513 1311
2913 189
4204 3442
2915 358
4458 1910
2500 3910
627 1457
4271 163
731 1942
4968 2172
1770 1081
2153 2003
2743 3027
700 2057
281 3161
4705 1994
4672 2792
4054 4208
3006 1719
4324 4560
4227 612
3558 3824
3767 4950
557 2841
3137 2207
1997 1806
3854 1488
4892 3662
22 263
4418 2949
767 3851
1903 2011
324 1732
478 3213
2633 4177
951 935
3355 2271
4997 2555
4152 2025
2531 721
1682 953
276 950
2603 2519
2379 4008
3161 3600
3298 863
1404 3784
1358 3641
3963 61
4429 1740
252 52
735 2511
3093 2978
647 3761
4588 3727
1424 2891
697 3384
2711 4614
503 2385
993 363
1369 2898
4185 2391
2391 2256
2418 4465
4314 4908
4791 1144
2640 962
4900 559
4547 1619
44 2674
3645 4366
90 2676
3426 2042
738 4134
917 3399
3170 239
3961 4231
1396 2470
3155 818
3428 512
4726 4568
2105 3120
201 4436
1352 1669
1188 4635
1688 664
1395 2305
2212 3746
431 698
376 3823
3563 1673
2177 3781
1239 3452
4918 1191
2926 333
2939 111
3335 3850
1709 1561
2129 3506
2214 3334
4653 1404
2487 3019
2945 368
3964 4627
3601 1687
89 1403
518 2852
1968 205
227 876
674 2902
1045 259
2863 3876
1723 1685
1221 2415
2211 4354
2857 3655
472 4580
3608 4175
3293 3777
4234 3621
3313 1645
394 1609
1188 2528
4682 2426
2431 1979
1294 3842
3255 3047
659 3098
3154 1956
998 4236
1360 4502
2085 1873
1786 2402
324 3948
4981 934
327 4877
4194 1726
719 2661
1560 2035
2886 2763
4041 294
3076 4800
557 3995
4351 1337
161 2187
692 2475
1258 3992
799 3619
371 389
3969 265
1734 2314
2130 4375
96 2774
4490 2506
1416 247
1297 4992
1990 27
3187 822
2240 94
1316 4484
2699 3275
1903 4958
1415 2812
2982 4952
300 1415
559 1536
2365 2783
4547 334
1809 1211
3969 2301
2121 2808
1078 4329
2961 2183
4589 3481
3443 2859
3513 4738
4136 557
4215 2244
1181 17
3917 3825
4063 4543
3250 1556
690 1808
4520 3235
2148 1103
3091 2576
3257 4118
4430 3075
1406 515
4896 2127
2044 2457
4584 4825
3578 3748
1118 3259
3638 2170
4279 2879
1265 3483
3730 4400
772 1936
1938 340
3662 2940
1102 669
1622 4705
1469 2490
4313 1475
749 3214
1137 3699
855 4791
1929 1132
2363 2387
1519 4135
4460 3949
3146 1857
675 111
2888 3154
3914 4408
4401 2600
1342 3178
1687 3874
2095 2115
2012 155
705 2912
4166 1851
3203 1230
4122 2607
1194 1679
3693 1654
98 340
2773 4779
507 3431
868 2258
2338 2788
248 4606
1603 3371
662 2055
582 2308
279 1325
1500 2436
122 4598
3913 3961
1900 3014
2030 664
2767 2465
3558 4210
4215 2799
1562 341
3507 4119
111 2214
1180 3180
3218 3064
2363 1176
4203 1517
3276 1473
2673 1423
161 1761
1696 3272
1762 1664
3899 3301
1133 3065
2474 11
2985 1813
2600 2048
4062 1654
4235 3019
1224 2234
4524 1787
3891 2681
1375 4677
3188 1828
4656 1425
2938 2655
4508 4305
639 4005
2329 1067
4088 3887
175 2632
1461 144
3988 2420
4958 2257
2191 3626
3872 229
596 3079
425 1947
2287 1824
1720 861
3232 914
1720 2883
3532 387
2965 1291
1585 3405
2980 3615
2445 330
1922 3115
577 3161
132 3180
4445 2062
2716 4383
4027 3462
2284 4547
276 3265
835 3946
2283 1799
807 1469
1336 516
2021 2613
458 1701
1908 3426
2660 309
2225 28
4229 4023
1980 2434
2397 322
1394 4628
1718 4532
159 4313
1365 2947
3067 4812
3193 1178
4189 4029
1321 2838
720 4574
1865 4730
4460 3657
824 547
375 3107
286 1176
2104 3036
1778 2931
3748 2649
1220 1998
3398 3969
2956 2391
2140 4081
2701 1738
4949 4066
2965 1738
3230 3318
4631 596
45 722
2615 3453
227 4588
2103 2271
689 3528
3211 967
4476 1452
1639 4012
3029 4869
402 4291
2082 4542
468 4216
43 4682
3017 3872
1004 1393
1444 3911
4228 2723
967 1782
2829 4570
4704 4277
4886 3140
2413 1342
4338 1704
1926 2872
4605 2491
4495 1721
1746 1605
3229 3880
3160 4097
2023 2341
1301 2603
926 4879
3152 973
1162 4493
1960 4364
2222 1627
776 3680
4747 110
11 717
4041 1297
1764 1877
4352 391
4674 4266
153 289
4280 3255
700 86
965 962
4193 4789
4338 3006
2558 3314
186 3278
1914 1333
877 761
1688 3865
1690 3505
1395 957
833 4190
2138 1884
4264 3516
588 3046
3192 63
343 4366
3945 3959
1813 3644
3362 4175
4099 512
2856 3029
3205 1500
3795 2306
4604 3740
3110 1932
3939 4779
4459 2231
4460 238
4305 3573
4393 1795
922 1430
954 4409
2755 3418
1198 2825
4684 692
4850 574
640 257
2294 466
3173 894
2390 2158
2463 3931
2133 2936
1659 1266
1851 1726
4286 967
2690 3315
1893 1436
2155 2748
1613 2922
1131 2814
3734 2075
548 4084
1148 3255
511 3392
4381 165
3865 477
1730 1329
812 467
1990 3444
1716 58
806 3457
4159 748
4379 1913
383 619
3834 159
449 2502
1926 422
3374 1489
1238 2368
2386 3335
2729 2096
4125 1792
3688 4751
3574 1424
1621 3483
413 1642
1750 1814
2178 4004
2345 219
2274 950
538 1032
1014 3456
4442 4764
644 1609
4719 1575
2750 2460
4436 4840
1497 952
1402 1273
1687 561
3222 4290
245 2971
1404 1608
1681 4298
1119 352
3334 4882
1719 3971
1404 311
381 159
4832 1111
1485 1627
911 2036
4057 1240
336 3336
3061 217
3672 243
172 3956
3954 4828
3873 864
1239 441
600 4275
4451 4386
862 3782
1722 4181
1023 1064
3586 880
2611 3392
938 2008
612 1124
113 2583
4467 4204
4060 4058
2130 2307
3162 3430
2290 322
594 4897
3174 746
3608 3981
3609 4879
3764 3233
3472 3935
3080 3408
1344 1982
4054 1908
4340 17
4825 4484
2056 3064
3998 2563
2880 3689
4508 4841
918 3778
1263 1793
2286 2230
99 1024
3386 4843
4391 3065
3537 1485
3189 4181
48 4458
2890 4604
4723 1424
4192 2110
3481 2846
4441 1414
4529 3052
1211 1734
366 1517
885 2456
3508 3782
2816 3384
4022 4001
3254 4403
2051 4508
4619 1950
4574 2838
3799 4665
2745 519
4236 3038
2063 1316
279 1763
4293 3956
4875 1936
3724 2109
1889 3184
4758 840
3123 4357
29 1500
3608 881
1833 1596
4667 2187
585 2770
1537 4144
49 3835
1190 2315
776 874
4793 3474
3754 2162
4862 3728
2840 4876
204 4307
2151 1072
92 1445
276 228
2640 2462
4420 4464
2151 164
1577 4277
745 2863
2055 610
4454 1658
2162 2796
4657 3116
1598 2280
1657 3989
4129 193
4525 964
4608 1269
3457 2789
1925 3185
4543 1917
2247 1718
3039 3126
2207 4102
1579 4887
2627 1405
3733 935
3349 1214
541 2279
2004 2303
1040 3623
4312 3062
4577 447
4621 1603
4333 1624
3727 4792
1254 2492
3967 3933
846 16
553 4206
3423 992
2976 3575
4171 1838
3331 3569
672 3577
3478 2717
4281 1510
706 1010
1909 587
2702 1530
1861 3398
328 1927
783 4099
4955 4948
2668 2858
4930 1997
1259 4276
2453 4029
776 4423
1646 4692
1816 3255
3227 2768
1370 59
2665 1239
2737 4370
1212 3541
1278 2159
3647 710
3573 464
2822 4689
2843 3085
3636 4101
4081 2853
4470 2964
2019 2114
3706 2078
596 2774
4380 1515
2632 853
2144 1206
2205 1901
4687 471
465 636
2074 2147
470 2446
4939 3089
676 2080
2850 1591
1675 3979
2465 604
4324 95
3426 2976
4514 4832
3157 137
4458 589
4560 4191
4171 4032
3963 1887
894 26
4339 2681
1428 4595
4624 2207
2424 4608
4127 4592
3887 4953
1645 4593
1931 3482
157 3929
2270 91
2376 3437
4811 788
4105 3839
4017 3310
3154 200
2335 1911
4063 1908
4392 98
4069 4216
3947 3446
792 2129
4603 885
4276 1984
3880 782
539 1559
886 4742
4559 4896
1687 4296
2296 4075
3547 2288
4624 4874
84 2372
2371 4735
3426 4570
588 726
3053 4410
1170 1097
4041 666
2325 4132
569 4038
4010 2630
4314 4952
139 2227
3544 223
2422 4346
589 3950
2524 2631
3559 2010
2243 4291
3389 1075
3080 2045
1576 1032
1261 145
986 4743
4705 1653
2838 1991
3283 1100
66 1488
4335 2641
4333 2462
3060 2679
40 2415
3762 4102
2042 621
1503 2280
1013 1588
4940 4511
3314 3543
3290 4501
302 1449
4538 1280
4624 98
4714 829
1195 3168
4114 2223
579 291
166 3089
1749 3646
331 215
282 1800
3376 4323
3869 2885
689 4480
556 785
1839 2914
1332 1724
128 1994
482 119
3845 3283
561 2747
2175 4319
4987 4571
2130 2314
459 750
3616 426
655 4124
4342 2440
4485 4236
4712 907
503 3236
2676 2527
2462 4560
355 3568
1839 3962
3569 3880
847 4700
4622 212
4870 635
2536 3365
3369 3785
372 2029
3872 1484
3020 1739
4288 2833
491 1223
1116 822
4952 1378
2294 1477
1481 1164
1975 4565
4337 4485
1755 2540
4387 4301
1461 2
1115 3698
1658 2625
298 3818
3745 2717
3924 2536
3580 822
2993 78
1603 3432
642 3370
4753 3840
4347 1886
1802 3108
4517 4088
4102 831
2258 4137
2187 3219
128 2650
1659 2026
1264 243
4880 4779
3880 4896
3815 3035
881 3572
4052 3993
224 2858
4608 373
1637 3298
2473 4550
1109 3302
2717 1536
1897 1638
3988 908
1305 1933
2082 802
3011 2728
39 4240
2351 2499
400 200
1088 3809
4060 1511
3069 3704
2331 3427
4395 2140
4535 4436
4107 4258
3735 2858
2697 1779
744 2565
825 4175
672 1971
3281 2203
1088 4493
4153 3177
4126 1734
4557 3503
468 676
944 2138
1814 637
1663 1155
552 2033
369 2485
4633 4937
1489 1297
4587 2055
2609 1030
4299 324
2364 2941
4369 26
481 3987
2660 200
3963 970
1115 2586
2487 4219
816 4156
1868 4558
2766 996
2681 505
3041 276
3974 2474
777 2354
1205 2151
2248 3936
4647 3676
2526 2894
4530 4203
3410 3340
4757 3088
1071 150
3573 1935
2762 2056
4439 3353
2017 1340
1942 90
3634 4407
1871 1416
159 19
4175 4534
4262 1500
2341 2055
4386 1547
2465 4245
337 3134
4693 849
4911 1809
4897 4579
3091 1842
675 2942
1441 735
4348 4791
4635 924
544 2246
4961 2736
1810 3304
2202 1385
3794 4779
1921 4586
4436 2526
2690 4071
2371 3183
1108 4290
2088 4885
1524 2618
791 1340
1300 1769
3252 583
3902 3897
4951 116
2950 3791
798 4104
3345 3862
4856 4947
3335 3764
276 2014
831 3848
3955 1544
4605 463
3065 493
3934 2076
3625 1060
2080 4966
2877 2328
513 2682
1623 814
2191 4771
4417 1933
2112 1484
2244 352
4015 3645
2063 4999
2318 2257
1740 285
3741 2743
4440 3946
4733 1339
3397 2716
518 4136
798 805
2474 2191
1816 3531
2317 3948
4664 2678
3300 2328
1628 1156
916 1217
1618 2233
111 1238
2664 4494
54 4384
3372 2242
1360 3727
4460 936
974 3147
2890 1062
3844 3781
1545 2456
365 3477
3044 3215
2624 3830
2396 2269
1626 4180
3223 2232
2047 1991
4733 2448
3262 4097
3519 54
1484 1351
1925 3446
2717 3244
3131 3896
3665 4324
1447 3713
1210 3277
3690 1599
1631 3538
2010 2531
2161 563
3834 458
3603 3810
866 1836
34 3415
4068 4860
2825 222
2096 157
1798 3659
1785 2412
340 4628
371 3946
4206 319
3482 1463
142 2409
3040 2394
1146 1578
2794 939
302 3235
2042 110
2773 2037
4152 4467
492 183
698 227
3000 1789
1814 927
2694 1273
3588 4633
2281 4665
3904 1333
1600 2029
1115 2759
824 1868
2007 1206
853 3547
1315 3817
1171 3621
1079 2939
4408 2259
2302 2036
882 1258
4710 156
72 4655
4639 301
1214 459
264 4128
4998 1180
3949 3444
2279 4536
4204 885
77 2244
4650 3987
3335 3289
3938 1859
3335 1620
4986 296
2981 3314
3583 3761
2175 2189
214 2298
1427 2487
2683 2295
4071 2572
123 202
117 490
1847 3885
4240 1620
1 216
4099 966
2416 3271
3132 3862
1213 1911
3788 3781
4144 4233
221 1173
2870 2748
718 2275
1068 2
3766 2870
2209 4538
1966 3635
100 3792
4529 4970
4535 4366
2214 3179
276 3101
2539 3918
3231 106
4314 4535
3315 1383
2186 3551
2401 989
1755 1519
3289 4334
939 1732
3318 1284
4007 837
3867 3716
4719 1582
3829 3208
4910 2845
4867 1519
2797 100
2181 928
31 1320
190 1942
1880 3788
4229 4558
2618 1930
4172 818
285 347
1951 3732
1002 1451
1493 3241
1111 3469
2199 2510
971 487
2181 1303
1524 3701
2813 2042
3783 3850
4829 2466
4084 2994
4226 3507
2138 2233
3458 4908
2932 1479
2434 4573
2282 2504
793 1004
1824 3379
3977 3020
3754 3317
509 3721
3638 433
2153 3016
527 1630
805 4087
1329 2677
699 33
3484 249
1699 1220
3718 3898
1993 3646
578 4762
636 3324
2674 3560
2171 339
181 3950
3963 3154
2429 1137
2606 2206
3485 4664
175 4478
4936 2290
1093 3641
3731 2019
1038 207
723 853
2916 2100
3511 3546
794 4416
573 3045
2501 4612
4670 856
2401 4207
2491 176
1337 2866
2337 359
4628 853
1693 461
4310 1411
1252 3356
3341 3384
4539 2084
63 3761
3406 1789
2363 3994
4495 1603
4910 4926
1773 3367
2989 4399
3032 3169
2500 1059
1477 1350
3600 1841
4628 513
3377 1101
442 2156
2082 441
2999 4313
1845 2579
4104 2184
1632 2370
1086 3521
3954 1899
97 299
1470 1727
436 2936
1185 540
3212 2632
1937 4470
3323 567
2150 4969
3934 2089
3229 332
4599 1529
4361 1776
3180 870
1744 770
4153 3287
1383 2920
4763 1077
169 2547
33 1510
25 1539
861 1793
2366 586
3591 4011
4658 783
3637 2068
2935 4841
526 1186
4225 728
114 2502
3232 2254
3683 1209
1786 1134
4379 1736
2131 794
4999 3056
4560 455
1719 136
837 2020
4551 881
4144 1669
1041 2554
25 564
4414 584
4771 3286
1124 1030
3206 4755
1355 1726
512 4097
2791 4221
2812 2962
4675 4121
676 4664
982 2231
1983 1003
2378 1997
912 555
4073 3639
1484 4224
1405 941
1197 316
4521 2956
4855 1297
3678 1983
771 1666
1936 3834
2956 3380
1150 4371
2519 739
2689 3517
1364 49
3750 843
2972 2712
2588 554
1424 3130
2967 2656
2046 2591
4221 1578
4407 258
1061 697
123 2071
3044 157
135 2272
1912 3980
2158 1636
1606 2396
3392 2491
3987 2955
1046 1204
4263 4448
2633 396
214 4907
1109 571
2743 1429
4535 1967
3285 4716
4176 442
1634 528
3187 1037
3413 2935
4889 1779
3431 3796
1326 664
981 3108
1891 2950
418 3555
4363 3717
3204 833
2949 374
1927 4460
1570 2131
800 77
4373 4020
2131 2475
1725 903
112 3334
1560 4709
2854 1657
549 2754
2756 1896
3286 1941
954 1734
480 956
2914 47
4212 2509
1758 3341
3426 4868
4431 2997
2586 4294
2773 3039
2725 3802
3198 4481
4041 4563
2090 456
3444 4218
3057 3661
1103 651
528 3824
4402 427
1455 1869
1107 3133
1078 25
564 3397
4888 213
2935 4003
1987 1456
4743 1958
1569 4498
1907 2684
4240 4943
3621 4630
3929 1878
2815 2159
1481 2726
1966 3952
1824 2561
1339 1607
1087 852
862 4579
3480 3450
4829 786
3710 362
2153 4801
2752 1417
1010 3731
3111 3928
2142 2462
4276 2664
3802 3800
212 2784
3592 3699
718 323
672 3712
4437 293
4681 716
4851 524
266 3232
3777 2760
622 1243
3187 4719
46 1506
1814 1579
4063 1425
3218 3461
1302 2643
3448 1064
1236 3579
464 4618
3368 2097
2622 1546
4132 1293
3827 3611
1525 3316
1453 2176
1158 3409
4029 4535
370 1906
2970 1237
4014 4268
1195 4011
3861 2742
3144 1990
1763 1653
1575 577
608 4497
4815 916
1186 301
2810 2100
3764 2197
2257 3267
967 490
674 1023
1198 4562
2077 4706
2910 585
3742 3715
3187 2006
2423 158
70 3467
937 1090
30 4050
3602 4469
2312 3361
3648 1937
2967 3367
4062 3009
624 2412
3718 1792
1394 1147
4728 1126
4605 1787
4407 15
3296 3223
2522 1064
2408 4172
22 736
2912 1439
612 1201
4531 2337
3896 1152
281 2349
2944 1496
2536 165
1250 659
2032 342
1179 4998
1382 2303
4715 307
2727 2656
775 2994
3024 803
754 1118
4965 3727
2315 4152
987 1692
786 1712
735 1315
4698 942
2650 843
4588 4892
668 2463
3880 896
2969 3139
93 2330
3768 1670
4985 2388
3712 4270
732 1736
174 4645
1053 3249
356 1955
1147 2406
2811 1326
3558 1023
3417 594
2636 2614
3155 2721
1200 1973
4840 4374
649 4315
1784 3709
1594 3545
1799 1070
4431 4998
3274 1656
1882 1650
2895 3985
4645 3251
1134 91
3691 2993
4060 3653
4983 4471
3155 248
1212 916
1383 565
2713 1138
3535 4147
152 3428
671 1975
3746 2150
1198 1943
4385 4970
2054 2392
3153 2054
1461 102
3117 2303
501 748
4376 1233
2661 3097
1510 1483
1081 51
1748 341
2266 4342
3480 2752
2959 2069
3071 658
2060 2345
240 2091
4304 4474
4620 1372
4727 4399
3728 4387
1875 1944
277 3081
2884 51
3773 3632
1833 4699
1462 372
2444 500
3260 1540
2523 4500
1673 1249
4268 4546
1756 1877
2250 749
2365 4001
563 3133
888 3047
3357 3435
4232 4145
2427 880
3421 2765
80 4092
588 3976
2138 3062
3907 2881
616 3832
733 2990
4543 432
4212 4995
3065 4832
3077 4910
1085 2750
3617 1314
2669 1788
2969 559
3278 2768
4972 100
651 1261
2660 1127
250 1065
249 1367
4131 1011
1821 2524
1665 4877
3621 2600
3197 2431
2584 403
3035 1081
2589 3467
4601 4133
4384 2472
1364 3838
184 3091
252 686
2295 3054
2616 4580
3968 1013
3179 3943
809 1342
3499 238
981 1591
1229 1207
1278 1066
1227 3768
4493 3658
1410 784
4200 4857
4561 3317
598 1006
2635 4281
3873 560
3362 2917
1896 124
365 487
4249 296
4032 4857
1004 3476
2645 4201
1580 578
1113 3137
2275 3830
3670 1385
4953 3053
1771 3483
2669 652
2787 4210
2647 1573
88 138
4564 1327
2052 752
3572 4391
4461 3737
1297 3579
4176 34
2421 2775
2583 244
4440 694
2570 1908
4768 4254
1531 3033
4147 1119
3246 3865
322 4560
3568 3885
3328 2874
3755 397
4260 3155
4515 622
1788 905
3622 3529
1289 3294
3444 2564
2032 2388
1646 961
1507 1563
3781 2034
2360 2895
2162 233
4911 4273
4329 206
1805 3286
2036 1050
1856 4062
3383 2896
2892 3895
1657 3308
101 4646
220 119
4594 2986
2029 1230
1231 4732
4358 798
4360 440
207 1447
4065 1446
3050 546
850 2518
2341 4063
94 2481
3558 77
2327 4744
3994 3058
4079 3970
2708 2019
322 4954
2114 2804
2700 2228
4001 313
3445 595
3407 524
973 12
2168 4387
4656 2016
2668 2348
1430 1464
1653 1233
3853 2117
3109 41
1614 2929
1819 141
3207 1311
4330 1717
488 1276
391 2719
1647 452
3971 3957
2323 4250
4852 4124
557 413
4949 256
4486 4954
750 4893
3199 2637
1205 682
256 2244
2339 4042
881 3977
1225 282
954 1005
177 1645
1643 1059
4276 930
596 4862
4854 2987
1 4748
1544 4027
2902 2229
1996 3973
3504 1208
2015 3046
1149 2094
3753 4277
4017 4204
4029 3396
4088 340
2882 4203
3934 756
4101 2277
490 4257
1285 3726
3624 1546
1318 593
320 499
2558 676
1031 2814
1329 1694
373 4886
3220 3885
2304 879
1402 395
1105 2661
4452 1593
4886 1640
4336 4128
1408 269
3588 2748
1219 3306
4016 2643
1131 4998
4330 3312
1220 1400
4834 1731
4987 4250
1285 4903
2196 3212
1916 2235
1500 1017
1853 1045
2760 1947
692 2479
4154 3368
2521 672
3407 1671
4075 3573
4427 2753
2257 3540
3932 2790
2941 4899
2316 3361
2490 4051
4074 3875
4738 2588
4046 4817
4896 3188
134 4341
4618 4173
2993 4595
1536 1059
2593 4539
2933 2049
3327 2643
2263 3025
489 1362
4393 460
1892 3490
4782 3459
3320 2657
1982 125
4944 168
3969 746
482 4998
1669 1450
2058 1441
2548 2681
3723 415
1592 1862
946 3544
2956 4360
4940 803
901 985
4913 2182
4305 2870
2776 1849
3053 4819
4308 2978
149 1620
862 3512
798 2590
4598 581
4473 2872
4468 1987
1939 3832
4326 1130
4110 2048
1009 4460
3807 2342
450 3433
1419 2732
4179 3895
3649 4564
729 3844
1252 3032
290 2055
1032 1571
3645 3005
724 4032
1886 3936
3048 3569
2050 4500
1903 2732
3308 139
3905 2751
1867 3034
3439 3924
4560 3421
1805 3593
2174 4883
317 887
4585 2026
1063 1665
881 3286
973 4588
3666 4187
628 1512
1007 1296
2592 4478
2782 3185
947 4435
4809 2315
4553 2913
4037 4803
2900 902
3965 2252
1932 386
571 1067
1416 2494
2276 3924
2195 2687
1951 2281
635 2568
1304 2219
4600 1606
4448 4715
3362 2487
2471 510
1273 2873
4935 481
4746 1259
3479 396
3004 4962
3572 3984
2000 538
2010 1142
4618 3176
4955 3182
1476 2634
2875 4495
1990 1649
569 3603
4941 4116
4558 3457
4922 3961
2532 1588
4305 1145
779 584
1981 158
4165 2365
3536 2672
3682 1312
959 4896
972 1353
3953 1911
200 933
279 3525
2602 4669
994 4108
2765 4836
2751 3193
2444 3533
1824 3401
2885 3455
2158 4568
383 1098
1316 4439
4974 1856
3269 1843
1083 2684
4141 3051
738 1160
643 4929
650 369
4628 2454
603 1306
943 542
4428 1069
2941 482
4155 2226
2500 533
2433 503
3720 2705
2493 4823
318 4712
2680 3816
3869 608
4835 4560
4978 444
4986 3341
29 2092
1912 3683
3205 1383
836 929
1030 3610
3698 2875
3321 1159
4547 3888
2129 3640
3645 1757
2963 2918
1110 2596
735 758
1939 1297
3326 4314
295 1315
460 844
3714 3114
1012 1259
1833 972
2899 845
4966 4404
3526 1815
3987 3549
1092 1313
2503 4276
2087 1535
4708 4808
590 3444
570 1557
1709 2732
4661 2344
3733 2434
510 4167
2173 3117
4252 2129
2714 2523
1159 584
1374 191
2206 2670
768 3729
4408 4755
2321 4856
4314 4468
4286 704
4630 1183
2588 2159
700 3300
2771 4193
3207 3977
1904 3109
4255 2664
1520 257
1625 646
1288 1033
348 3511
368 311
3320 2252
3967 83
3066 3018
4219 4645
1167 3093
4001 1771
352 2782
24 3930
1303 1482
963 4458
4899 2411
2500 2674
4444 4541
1316 4833
3100 283
3639 4463
1599 678
3805 4630
3761 3325
1458 2056
1541 4978
3786 1542
4769 200
4799 1495
4032 254
4544 430
3594 1743
3567 3577
3245 1821
879 4738
1444 413
3123 450
4496 2158
2486 4991
4573 4692
2326 1023
262 2138
2132 3961
3214 2163
2886 2974
894 1324
4305 4157
972 2688
1558 3042
3189 4873
4208 32
4665 584
4588 557
1792 4742
3727 2629
878 4148
1006 2419
2763 3185
2324 2031
100 1791
2475 1697
3999 2755
2695 3815
1054 3990
3827 3867
304 4191
4976 4636
3853 4579
836 2320
1209 2598
3136 4314
2474 3776
3657 2800
2300 4416
1641 3392
3714 2471
3774 4589
2431 1348
3608 4435
3297 2021
654 4012
4797 3257
1730 4863
424 2448
659 927
1626 2930
4357 1077
3389 510
2696 4811
4312 2172
4466 380
4212 849
75 1506
356 1376
4796 4329
4162 1180
4721 4435
104 4117
1037 3749
2389 561
4323 4180
495 3451
282 1944
3819 2128
4883 302
1035 4578
634 3764
1500 4607
1726 3449
2043 4157
1928 3513
2605 4551
4193 1454
662 1372
4763 1114
57 1616
533 1604
796 13
828 453
51 232
2608 2760
795 1963
2150 4296
1084 2949
798 1589
618 3980
1837 3508
4282 2351
2319 597
2427 1801
4366 1015
3685 2647
523 3284
4438 4682
990 3478
197 873
193 81
2847 2120
1177 4094
4246 3150
881 1892
1842 1179
89 3256
679 2179
3015 2781
1021 1715
4853 1687
3895 2724
4729 4326
4833 836
4526 3660
4122 529
3992 3472
3657 1088
4400 799
3959 1297
1862 842
2858 4493
5 185
3837 832
2793 866
437 1198
4054 1409
3631 3034
3928 1492
668 2925
3090 1192
780 1525
2403 4754
2580 3713
1483 472
1440 3270
2473 3717
2994 4516
2059 2478
308 4527
1392 3500
451 1917
3495 3458
1310 4455
2568 483
4415 1896
3615 2483
1472 281
1707 4477
1729 3126
2504 3558
1223 1303
3631 4785
2091 1673
4337 1596
512 1345
562 1818
3229 1063
268 3229
3799 4827
4886 1422
4438 1373
4170 1800
3763 1695
2741 2286
899 1015
3400 465
4209 3286
4334 2052
3460 1154
239 4357
129 3007
22 1449
4593 2946
2265 3826
3922 3811
4676 3887
3319 2899
2872 137
1030 1847
3096 2764
3643 577
8 881
2034 4908
4502 2619
315 2628
3770 2370
4856 3752
863 2744
4483 1799
2102 791
56 3652
2957 1763
3406 3026
1713 4841
3596 8
3840 3619
3410 836
432 2238
4077 3678
3240 277
1945 2538
3280 1652
1075 4564
1480 605
499 572
1511 2928
3683 4896
3214 3925
4932 704
2005 1395
2291 1483
2491 102
1695 1404
434 4344
1284 4617
155 1864
2292 4276
2449 2414
4280 4643
3186 3292
3909 1797
2010 2524
4009 3884
2244 340
2789 4848
3113 2626
4610 2782
3163 878
1287 4462
827 120
593 1523
4510 1988
361 2915
4582 4332
3224 981
2468 3671
4673 1949
3464 545
1105 2870
2431 3348
3318 881
204 4309
4989 3556
1198 1898
4592 774
3441 4493
2782 2371
4912 3697
1239 2362
1064 584
4256 3683
4287 3869
82 3546
4902 763
3159 3034
1096 3419
654 2806
242 1354
435 1490
194 1196
154 1688
4467 2299
766 3543
352 2456
1689 3874
1100 1822
117 278
3962 4331
1555 234
834 4209
4376 4196
4214 2292
187 4536
1633 3599
4325 4488
1516 1397
231 3399
1892 2558
3986 4946
4960 2875
126 2291
702 3132
4958 3507
2253 44
1847 3487
644 3737
664 1957
1016 4335
2564 4640
3493 3422
2730 3498
1610 2939
760 705
2968 2742
1235 457
3942 117
3108 1459
1394 4572
3389 3103
3243 406
2893 240
691 2722
1934 1207
1463 2994
3929 79
3585 3175
1839 245
1889 2352
4295 89
2585 4694
2304 1920
1654 4996
144 2260
3727 4332
4252 1629
1979 2677
2999 2175
89 1584
314 1231
2775 3618
3650 2233
3155 2609
4467 3862
4030 2898
1047 2973
2639 1560
4290 1896
2070 877
1243 1784
1432 1275
4354 2500
2688 3605
3552 1278
4184 4619
3648 4379
4285 3141
2153 2517
4680 4508
2535 57
1835 2549
2708 2596
38 3529
681 1599
4169 450
1314 1715
3020 4180
2371 4372
877 4051
2107 3916
1509 1838
3347 2112
4821 4809
4117 2613
3920 4324
1083 2456
2443 67
2738 3025
2251 3442
3291 1372
1668 4212
1303 1502
4088 4394
1620 1892
2208 2160
3041 2704
1583 605
1097 3951
1784 4061
4846 1202
4460 2862
4790 4283
3471 1064
2047 4156
3926 2614
233 4523
2928 1700
4042 1037
1431 3564
2858 4109
3022 3295
3281 968
2771 738
4977 52
2118 4428
4615 3854
1466 2089
4052 4749
1391 4435
345 238
3671 2667
2367 849
4919 700
4933 2314
4158 4426
4982 2451
4040 3518
625 3668
642 2430
473 4628
927 3045
3996 3579
3642 708
3534 3871
2277 2146
821 4767
1765 2263
4797 627
1850 4055
2663 1805
175 3595
4916 1784
780 4662
3892 4548
3887 614
1523 1786
2779 539
3820 2550
2425 4291
1847 1669
3564 3207
2108 724
4063 4097
2705 4696
3929 2448
3434 1128
18 847
3767 863
4941 4832
1750 2245
1105 2306
4468 2993
4845 3540
1041 64
3604 585
4300 667
3235 4475
1122 2864
3407 817
1253 3581
4802 3389
4596 1486
3550 3917
4452 3020
4028 859
2483 1168
1892 4944
392 3527
4956 4538
2866 306
4844 821
3755 2257
4573 4930
1569 3588
3606 4121
2795 3765
2771 4246
1657 1702
3085 2593
1174 4663
2554 620
1186 4914
3020 2924
4717 120
4600 2535
4099 4754
2717 2125
1173 4331
1567 4935
3702 111
2162 867
2024 506
2080 667
1160 37
4280 2400
3813 210
1781 2364
13 2257
1845 4099
4903 2983
58 1054
4805 1389
2394 2699
3028 814
3104 3752
2998 4587
4577 238
3927 3159
2972 2943
4890 589
3994 1647
4560 779
378 2475
947 3232
251 3434
1706 1532
1846 1844
4839 1819
2889 1449
18 3231
709 2231
4555 350
3172 4226
548 4297
4682 4705
1715 1380
4007 1961
4805 2819
635 498
2551 3762
1219 130
4985 3564
534 1295
3195 4757
3554 1712
2033 4895
3792 1601
1168 3384
1532 995
88 3246
3171 4033
1435 4390
1467 1188
1425 2803
3226 3151
2530 672
4276 1728
2769 4301
1479 4356
4794 4148
1666 417
1545 4541
245 3385
188 1841
496 3382
3288 2241
91 4538
1969 3706
2121 2423
856 2747
878 3200
218 2459
2265 442
1481 1197
2495 4097
77 234
2748 497
123 1760
2057 3659
1769 1600
670 2207
1544 2753
4338 570
3187 1970
574 1105
3271 3044
1860 4772
4291 1839
4191 4397
2909 4731
3994 3331
958 2677
1664 3758
1166 3213
4258 481
1735 3404
3933 3435
2872 504
3558 4980
1037 522
3953 3395
4200 2204
2833 1048
778 1639
3425 594
1416 3612
4253 3093
89 2314
1994 1723
3207 1125
1412 1892
3991 4448
1149 1768
4347 1092
2654 2554
3654 3671
3064 1894
1822 4826
3922 4320
4120 478
1986 4808
2708 1209
4296 1121
2826 3630
3294 1100
4555 1792
1488 3073
614 2167
3290 4967
3952 1827
1979 211
4589 2130
2514 4790
4648 2593
1372 420
3370 2809
769 2975
1474 3657
2542 236
3006 3539
1244 269
3808 4420
4998 4460
4813 153
713 2559
1206 4220
1718 243
2512 3685
467 1473
2582 3248
3822 2469
4858 395
1292 4665
847 2001
4008 4343
1075 1826
4408 4548
196 4558
613 1677
2554 4215
3388 1092
1335 456
1259 75
4208 3861
3918 1396
1703 291
4931 4162
4790 4663
4279 3033
30 1746
2136 4240
2919 1316
575 4243
4084 3509
2506 3653
1264 2467
1552 2774
3285 4837
3896 2198
3567 2476
2772 1104
2312 1027
189 3065
3384 4723
3836 3192
894 2932
363 1000
4946 3366
1505 919
2481 800
2699 3101
1669 4791
2961 1572
3165 894
3315 469
2027 4837
1398 1994
363 4140
1283 3483
324 4132
2340 4690
4929 3652
4080 1757
385 378
1333 1089
4597 4399
4988 1267
3729 566
883 1490
692 3175
1881 3687
1474 1726
3154 1259
3315 2338
4637 3412
2492 1082
2789 1914
4478 1370
156 101
1293 4697
2206 2754
4918 848
291 2421
3639 1997
1711 2581
1525 1174
1467 4788
2175 3510
572 555
2558 1669
1271 216
1489 4823
3888 663
1388 3285
550 1655
3287 4199
3807 2341
3869 2959
3570 4741
2743 359
1039 2138
4723 2951
2957 2710
4103 3092
3799 4090
2717 552
3094 4208
4806 4884
474 3785
4460 605
2721 131
1997 4045
2207 1854
4170 4453
501 3100
3142 1756
2341 341
2389 4831
4012 2798
3540 645
2119 4044
2571 2197
4017 4540
885 904
1279 4731
4185 1834
4239 3844
4596 1180
2002 3678
1773 4083
3503 4771
356 3156
288 1942
3373 3993
3368 913
2975 2129
4779 317
633 3118
2600 4771
4219 3386
341 2201
4138 2030
1799 1796
849 2512
3970 3478
4443 2067
566 2273
203 2773
1940 2093
2661 738
369 510
2098 3707
2902 337
527 1849
4057 2185
877 874
3330 3552
4712 4775
4619 3766
2558 3225
1301 4797
1788 114
4528 3684
3045 617
1297 3389
289 3281
4499 417
3855 627
30 3484
178 4906
4415 2906
1103 4777
77 481
1563 3648
2984 490
3634 370
2417 4061
4942 2853
4814 4901
4140 2501
3676 4934
317 3463
2692 2295
4053 114
4808 1294
3438 943
230 2136
378 1515
4272 838
1929 4251
2756 895
45 3042
4548 767
2258 1918
3315 2943
1330 4355
454 41
1478 2432
2194 2638
4172 506
3085 4284
4891 2389
324 1767
1752 1124
4010 2945
851 2729
3345 1437
4502 4230
594 2225
270 2233
2545 2553
3819 4977
790 4113
1444 628
1896 3043
407 1892
4218 1708
3881 3123
4368 2128
2632 2224
715 2749
1902 426
4113 1163
3800 302
2428 352
597 1161
2103 1058
3890 1349
2199 610
1585 481
2313 4642
735 2337
2656 2931
2249 2571
727 1287
1312 4680
166 1142
4291 4867
2181 4477
771 2679
1549 2399
1347 3376
69 1722
3597 4920
166 793
2234 2855
1451 4365
433 1618
694 4997
2188 3856
65 4003
3882 4172
1287 4363
1588 2454
895 4346
809 2742
2862 3160
1124 4397
1681 3854
1533 4689
2733 3581
182 2248
4076 4507
282 1084
3755 3951
102 1474
1244 1746
3923 4562
643 730
1535 1569
1651 2282
1966 2233
534 627
911 2736
2076 3024
2799 3456
3263 4535
1175 2041
1649 3841
2828 3749
1399 2953
1531 4263
2408 2805
2205 4707
2456 3238
973 1212
851 3924
659 2888
3024 3377
1238 4198
50 3284
1287 3504
4263 4274
2030 2492
3544 4280
2846 4725
1949 4479
881 4474
551 869
1041 3531
773 4322
1406 3758
714 3716
1367 3045
1782 1923
4169 4954
2860 3029
70 3613
4445 4900
860 2004
688 2550
2288 4736
544 3250
37 1627
2530 2982
2399 4245
3187 3456
2751 3291
1163 4710
117 2214
3710 4641
1490 4393
928 4331
427 2418
191 2610
96 494
4211 4986
522 4557
204 2114
3603 3612
3569 4070
1978 4740
126 1604
2711 3776
1378 4743
676 3890
707 1958
3792 4323
3853 4954
1435 2699
1270 1829
2616 3874
2049 2331
1281 1306
2784 3439
195 4077
2467 3772
812 3954
193 2332
2162 2175
1544 4105
2498 3178
472 1129
2252 3563
4196 4878
3765 4591
4117 4566
2888 3639
1162 2999
541 3547
1494 2930
137 1102
393 2783
1944 3309
3227 4469
3059 4770
3718 4512
41 209
3228 4298
2364 4012
2964 4190
638 3711
407 3127
3014 4301
506 3010
3548 4083
145 879
2560 3845
260 2978
506 882
1339 3797
2695 4114
3064 4292
3801 4965
1127 4166
455 2250
3137 4331
2587 3969
1396 4754
2143 3662
7 4167
1641 2598
88 1353
853 1933
2291 3511
2391 3434
917 4556
1444 3557
1325 2339
3640 4832
4162 4583
4075 4504
2153 4320
896 910
3679 4808
625 3792
152 2456
427 2899
990 4634
2857 4263
943 2273
1859 3765
708 2746
1623 1822
14 19
3693 3865
698 3318
2059 2319
1306 1426
2019 3641
2802 2886
2731 3174
3348 3426
4102 4818
88 551
260 1111
27 4192
1480 2936
2827 4930
1453 4388
2860 4186
1504 3527
77 2551
100 756
2013 3611
2169 3045
2959 4823
146 957
951 3716
1146 2799
1093 2067
81 1263
579 795
1884 4482
3402 4349
2567 2890
1021 1741
2168 2660
653 4075
669 3136
729 2769
1380 1965
621 2834
2025 2027
2289 2442
582 2285
3714 4939
2415 4067
726 1493
3409 4126
85 2143
984 4142
349 2966
2279 3030
3774 3889
266 4163
2134 4329
476 3467
3493 3588
3677 4100
75 678
998 1956
617 2522
1752 2390
758 3526
1505 3015
3146 3375
2120 2752
1304 3488
1101 1318
706 1010
1223 2635
545 2947
1932 3808
2028 3203
2951 3588
2779 2940
1326 3611
155 1444
55 200
1937 2359
520 1303
3469 4247
768 2749
2692 4159
1423 3833
237 511
3811 4258
982 1444
1758 2848
708 3999
1093 4692
3475 4054
740 3351
2852 4594
2726 2794
3596 4574
1478 2053
2785 4677
1984 4868
1255 4548
1753 2702
598 1149
3241 4928
2187 4596
254 3721
1639 2513
581 4969
7 2724
1104 4429
35 3988
4439 4796
4774 4981
2046 3058
1287 3938
700 1436
135 3053
3573 4806
394 856
635 1396
1021 4663
13 1152
3859 4324
1374 1979
3231 4079
2278 4785
312 3218
1133 2030
1772 2363
2473 3485
91 840
1995 2495
1862 3070
716 2805
2386 4054
112 1983
2336 4490
3970 4377
1147 3259
468 2073
469 4542
763 4479
2354 4188
706 1688
1384 1907
603 3575
3966 4372
240 1377
1097 1471
42 321
2972 4400
112 2458
2425 2688
1621 4570
1229 3108
34 927
2020 3378
4045 4943
1157 2797
1376 2244
2972 4121
1122 3005
39 3994
1640 4006
499 1736
2384 3598
455 3560
99 293
1060 3816
3126 3658
889 3704
393 910
520 4455
577 3261
50 1924
1072 4308
966 1955
55 1929
3456 4541
1121 4820
134 2562
1434 2957
1427 4107
2035 4065
2575 4403
2848 3443
2665 4401
4437 4967
3226 4884
1375 4768
2543 2710
1128 2895
3683 4862
1315 2950
186 2970
45 1520
2391 3660
2220 3752
566 4031
1851 4940
21 1744
2787 4294
835 4082
850 4613
519 4739
3954 3969
1259 4053
1439 1542
4105 4205
233 4409
2806 3845
814 1097
578 4357
1401 1461
12 1853
4566 4932
447 3279
555 3145
3205 3752
886 4423
2400 4579
789 3737
525 4968
3311 4796
1026 3939
512 2323
962 4533
3406 3587
2460 2745
1282 4975
722 1869
2375 3558
2026 4558
3 4703
1556 2140
105 3334
190 1391
3494 4033
1121 2451
519 962
1674 4935
1515 1820
3030 3209
937 3996
293 3816
108 2856
3872 4977
2469 2608
1335 3576
502 910
68 536
2112 2903
3162 3589
118 2178
627 3279
1118 4446
2766 3175
2912 4204
3225 3338
1317 1811
1909 2990
3696 3916
1815 4882
2187 2685
1711 4898
598 4953
3971 4334
3363 4574
406 2878
3205 4173
2241 4260
1067 1175
1342 1762
2167 4557
511 597
1754 1781
1150 4940
499 2165
934 2488
982 3581
4340 4872
2559 3065
3696 4974
1004 1226
1763 2260
2801 3376
363 1196
581 4703
2594 4204
1205 2529
1180 4854
1037 2838
1672 3667
216 1477
1914 2477
509 1527
3393 4168
1752 2644
2980 3282
792 4196
3202 3977
527 2926
3760 4728
946 1994
2909 3834
172 2985
3453 3830
655 1247
1088 2269
732 2748
1569 2535
4153 4170
409 1777
3474 4852
1166 3513
2213 4890
676 4751
277 1315
1793 4973
1278 4881
3547 4401
1112 4477
2292 2710
1927 2323
282 4982
561 681
750 4706
972 2237
791 1957
563 3636
1933 4565
1831 2497
1589 1980
1889 2655
31 3957
2381 4003
2525 4925
3032 3200
50 2697
1141 1887
1087 4940
438 4486
1205 4305
19 214
2042 3875
39 2908
1979 2584
1808 4343
2216 2516
2146 4788
1892 4444
1856 3189
2221 4601
2309 4150
2171 4978
172 320
26 4765
4300 4548
1749 1963
1979 4877
23 2205
3540 3884
1436 4668
1376 4173
1174 3500
2547 2960
3323 4478
4009 4834
2839 3684
1381 4901
1836 4449
1267 2033
2720 3220
4535 4888
1817 3323
151 3723
3284 4525
2514 4045
1510 2617
621 4761
645 1677
1091 3118
134 1521
2790 2912
780 3389
331 4205
401 3299
2536 4352
1626 2016
85 2603
1290 1318
433 2935
2751 3314
3 1204
1023 2550
4328 4383
247 3684
2503 4034
493 1352
3577 4718
2687 3824
1060 4918
619 3881
489 4482
3011 4227
1887 2904
313 3538
460 607
737 3853
1388 1955
80 3591
1001 3621
81 1657
3822 4140
2729 4364
3648 4153
25 2583
812 1020
1159 4975
135 3219
144 1498
582 3159
474 2100
1715 1744
589 4087
405 2584
2485 4812
893 3808
375 553
1374 2404
1572 4655
3587 4301
953 3173
2036 2676
3672 3856
1540 3833
656 2767
3252 3717
3774 4367
812 1700
1589 4287
2200 2305
392 3029
2287 2364
2312 2458
529 1070
2953 4232
667 4078
381 552
1935 3190
3170 4956
4076 4371
381 3181
1833 4806
1578 4743
1807 2399
2434 4662
4409 4919
4079 4259
2385 3066
803 1813
1280 3643
1167 1621
965 3276
429 1831
1871 3351
2897 3310
806 1741
1739 4682
3857 4447
55 2184
2103 4825
417 2918
701 3993
985 1466
2545 3797
1085 2621
3319 4839
226 2434
1104 2349
638 4144
1368 3016
2430 3621
130 2473
1636 3265
1465 1595
1273 4208
1064 1286
2173 4723
3212 4085
2689 2691
1751 4992
2617 3856
491 1724
1557 1903
3098 4726
3995 4205
1651 4999
165 2822
2226 3722
1756 4338
557 2266
2057 4576
2249 3643
3684 4764
1991 4718
3342 4379
3381 3386
295 3173
2255 3409
2163 4748
1241 3252
505 1363
133 1305
1124 2137
305 2305
2142 4526
3647 3865
741 1648
3278 4440
110 3158
1769 4029
3748 4102
71 128
395 3840
985 1554
544 2470
324 962
1466 4075
2512 3822
1979 4005
3144 3953
2409 3635
27 4958
4525 4891
2009 2451
54 4249
1104 1194
4235 4465
1781 3081
421 3738
1944 2388
895 4429
4505 4966
72 428
3665 3744
2416 4304
1582 2486
3803 3935
1571 2002
1413 4766
1542 2288
4415 4533
658 1692
292 1968
552 2109
2560 4032
3420 3780
1040 3718
667 3367
2284 4095
3430 4357
1531 2229
2981 3924
1429 2545
514 1147
1997 4178
828 3618
1321 3546
484 4956
365 1500
242 996
1579 3227
1972 4087
2095 4806
2428 3296
587 3265
1366 2515
2193 3825
1466 3825
1002 1025
3026 3486
2881 4027
232 3900
4008 4832
952 4884
724 4635
1297 3090
363 500
2924 4365
192 686
2436 3709
1106 1323
915 3121
2331 2608
740 4370
4335 4544
1744 4404
2037 2594
1186 2176
2923 4017
95 1969
2405 3470
1620 4388
1102 1707
974 3025
3351 4782
2470 2962
1317 1368
669 1930
1557 3880
2393 3959
339 4706
1943 2491
462 1083
413 2688
2628 2756
3301 3421
1563 3606
577 1886
1663 1866
981 4039
502 1974
4464 4476
1300 4514
1443 3453
3046 3950
402 1652
1052 4955
2229 3806
2087 2798
3395 4454
2806 4675
721 3718
605 4881
1094 2762
3597 3917
623 4700
588 1300
128 4311
1202 2639
1346 3788
1673 2858
432 4053
3429 4700
3812 4210
66 4423
3136 4208
3715 4252
1889 3694
2649 3455
2844 4123
160 782
394 2039
2404 4506
3510 3533
914 2451
3811 3835
2731 4201
2366 4506
1056 1699
168 2332
62 2347
1447 1712
3040 3445
3066 3956
2235 4729
3080 3227
273 4949
2745 3651
76 3844
1418 3231
116 783
1172 4244
1256 2723
415 3336
386 3360
2860 4416
919 3335
907 4863
2667 4735
739 2707
1321 4545
971 1138
1574 2533
2820 2924
484 1321
2972 4601
2556 4871
1383 2196
3333 4970
3102 3143
36 4074
1246 1728
1433 3349
1735 2920
636 4242
1195 2036
3936 4135
3143 4127
1536 2061
784 1798
4247 4428
400 2963
2213 4285
3153 4248
3658 3691
58 1263
2857 3453
441 593
2651 4778
360 1053
716 2168
1116 1593
1730 4283
734 4402
778 3250
321 2952
61 2278
1617 4645
2657 3127
1557 4976
720 4725
667 4654
4548 4647
188 2725
402 1000
725 3800
1475 4706
806 1586
4138 4642
1494 4286
474 1403
1562 1880
241 3829
2980 4848
376 4577
960 1235
818 3279
2793 4730
3257 4320
603 3434
1392 2751
777 1144
3739 3835
961 1465
2169 2458
680 2576
4661 4741
2308 3718
215 1425
133 1112
1471 3924
1974 4085
1974 3433
2902 4964
1191 4273
608 2308
2760 4631
3578 3624
611 2764
3332 4843
1990 3681
3837 4793
300 870
800 2238
1506 3029
533 1148
136 4017
833 1507
1988 2976
1233 3221
1555 4799
1578 3038
1404 4128
2831 2980
1367 4715
1489 3356
3705 3719
1868 2212
1017 4477
1062 2997
846 2912
984 4821
2312 4925
1610 3693
1009 2111
356 2917
1861 3203
1476 2829
2503 2628
1862 2869
1621 2296
1720 3159
635 1514
2716 3632
1073 2898
689 770
2360 4747
60 509
2431 3563
851 1599
2776 3728
3380 4691
2212 4093
1547 1733
1382 3906
4308 4888
1718 4259
2861 3729
3257 3966
1025 2892
1095 2612
2411 4864
727 2755
1217 2013
1480 4577
287 348
2649 4910
970 3551
1072 5000
1254 2141
757 1109
2511 3027
2443 3716
2131 3205
2592 4222
1262 2627
2616 2962
578 3971
1715 4025
1455 3936
2949 3653
2831 4930
610 3471
242 3694
202 3701
214 1028
2641 4679
775 4996
578 2495
371 4613
3695 4063
3291 4299
4336 4411
1182 4831
857 5000
1466 4154
2103 2338
745 2265
3851 4112
1373 4628
1217 4095
2683 3920
503 4180
3438 4328
299 3028
3058 4482
308 2375
2065 4379
552 4041
2558 3712
1640 3669
1418 2585
1217 4071
3306 3392
464 2075
450 3123
1304 3639
1099 4167
1258 1969
4497 4519
2620 3752
708 3093
2011 4681
970 3115
2535 4942
2749 4695
2780 3649
3287 4201
824 2358
637 2078
3534 4759
2516 3839
3015 3530
102 2891
792 4271
670 807
533 3504
2048 4764
60 4930
1545 3198
838 4583
742 4005
1150 3152
2051 2723
2793 4525
1760 3254
3183 4747
2059 2973
32 1149
3010 4583
1954 3065
453 4907
2974 4759
4399 4929
3055 4369
1409 3338
1054 1458
2373 3552
3538 4453
2968 3171
1874 4123
3275 3517
3361 3891
2246 3470
1800 4922
3816 4503
859 4215
123 596
265 2211
1378 4411
1652 2149
65 4307
491 2883
3001 3204
2314 2409
2549 4851
2231 2566
425 1960
1233 1800
453 4827
1359 2331
1197 4498
491 2452
1844 3661
3583 3749
1023 2820
1968 3800
9 1251
257 2950
2280 4673
140 4509
1084 4976
1248 2633
952 1765
1135 2263
1115 1780
2087 3424
1664 4905
4060 4722
3921 4366
3330 4158
2645 4364
2873 4585
373 2082
753 2466
659 3700
2242 3367
182 4428
557 994
710 4261
15 3120
1851 2674
3343 3638
647 712
1832 3737
2934 4848
1132 3218
1214 4984
815 4703
1713 4503
1345 3823
4228 4229
77 1660
2096 2278
1788 4507
444 1454
593 2221
1692 3069
1784 2022
942 2570
462 2944
494 2824
49 3719
959 1032
1403 1681
882 3241
257 1340
1079 4068
263 707
2191 4566
677 3599
2153 4532
1371 3553
3656 4742
2734 3171
2069 3590
1151 3521
3304 3720
3728 4437
20 1781
2369 3006
899 2511
1773 4266
1185 4247
261 2551
3333 4063
1926 2041
1264 3022
544 2010
1375 1539
642 3218
108 658
4834 4853
1443 1746
335 4823
62 2027
404 3866
1387 1908
3161 4944
3802 4466
810 4492
744 1020
3782 4870
2553 4145
1724 2820
2482 4344
2215 3936
1034 4796
184 2555
426 2508
1443 1961
2947 4412
1270 3868
3170 4650
1704 4002
2958 3436
1619 3287
1217 1402
208 701
3376 4706
2249 3694
1676 3650
651 943
773 3594
1169 4011
1715 3782
1200 3524
3352 4078
2908 3785
127 2982
1168 4749
3093 4443
2543 3810
2762 3510
167 2664
865 4483
3669 4722
1090 2667
2052 4202
3108 4072
2897 4784
65 2528
3443 3720
1051 3331
154 4018
1094 2371
1626 3919
3081 3714
3709 4543
1755 3437
2434 2929
1845 2850
243 1551
1318 1863
1246 4724
543 946
1160 1498
3219 4945
732 2759
2923 3197
1119 3177
3428 4179
1563 3661
2357 2828
1963 3003
2658 2674
299 2705
829 3040
123 3961
1499 2946
520 1881
1041 4543
3204 3993
1268 3597
23 1011
857 4204
869 2210
1122 1422
3085 3137
278 2118
757 2438
701 2642
483 1860
175 752
477 3729
1366 4064
2600 3823
1062 4474
2066 3920
1661 3360
780 1319
481 4199
33 3514
3251 3908
1734 2010
4645 4782
2721 4749
972 1249
1914 2177
1905 3889
2777 4965
2463 3766
545 4826
1977 4768
4342 4525
3325 4113
654 4156
3430 3502
574 3993
633 2662
856 3901
1853 2178
159 3477
268 1134
2750 4101
1802 4223
1709 2588
1022 1905
2585 3391
1187 1812
774 3855
734 3670
813 3611
2069 4840
3862 4257
2332 4406
3027 4580
4 120
440 2786
1477 4202
3935 4363
1644 2662
4210 4754
906 2246
2819 4347
1496 4282
68 174
280 579
854 3481
348 3911
672 3455
538 713
357 1426
861 1616
645 2594
1127 4131
2082 2264
1590 1715
3438 4033
2976 4655
2983 4835
2792 3858
1684 4262
3991 4517
993 2346
1116 3218
946 3760
271 1413
233 3916
278 4115
451 2387
4143 4794
2370 4983
24 1123
2283 2367
3408 3726
860 1661
1392 2037
1768 4766
2705 3204
2341 4036
1634 4551
564 3152
264 4965
3929 4107
27 2346
1450 2742
839 2340
2461 3505
636 2482
172 258
814 4553
142 1309
3411 4356
281 1183
581 1549
628 3524
1888 1955
56 3315
15 644
3772 4554
1105 4673
1617 3965
1388 4161
2145 3468
1284 3098
1761 4602
870 2584
1319 3049
510 2897
287 3741
2534 4343
2282 3347
2101 4677
3587 4818
4093 4386
907 1359
1807 2077
1293 3797
1146 4896
1741 4141
2811 2845
832 1334
810 2902
2034 2702
426 844
2504 2543
455 4074
766 2057
777 3324
1129 2991
914 2066
3676 4263
2169 4003
69 511
977 3554
1144 2049
1048 2455
1037 1358
167 4793
3785 3820
3189 3323
3857 4984
518 1954
1852 3780
1457 4749
2453 3602
1927 4847
2320 4874
1950 3026
4269 4394
1700 2520
1635 3729
1295 2592
1718 3525
3375 3535
1319 1682
393 3922
156 3857
2918 3952
374 2393
1549 3607
1130 2697
1452 2728
126 404
309 4467
123 1815
1698 1905
367 3458
720 4622
2011 3498
2468 2501
993 1192
25 3122
532 3874
2529 3213
4051 4636
1874 4995
2045 3233
2171 2740
2322 4814
1229 4061
905 3370
1676 1762
2478 4526
1376 3965
1513 2221
663 4673
4360 4877
1980 3732
1738 3998
1601 4048
2624 4962
3428 4779
4193 4883
1707 4844
2415 3646
2669 3432
225 4654
2580 4318
4055 4995
2138 3798
521 2947
1317 2442
3075 3482
1848 3593
2212 3372
1880 4214
1489 4330
1419 4647
1313 2640
1582 1856
245 4469
2187 2907
2342 2506
2670 4418
80 4337
1251 1614
3213 4744
2404 4376
2757 3124
3268 4759
1641 4054
711 2513
2104 2171
370 3920
4508 4729
1372 2214
2668 4784
1374 1785
701 787
1449 4759
596 1841
2489 2704
2409 4354
1403 3924
1457 2461
352 1487
398 1153
2483 2976
1174 1271
1156 1472
1687 4731
453 2428
3268 4928
1822 3300
1542 1714
1460 2353
521 1811
794 3740
1467 1613
2817 4957
1488 4836
2952 4940
742 893
1977 3366
873 1140
382 2199
2051 3751
276 4873
709 1328
3251 4618
1607 4060
2049 2335
4019 4696
205 3923
1780 3581
4915 4946
828 4004
200 3344
839 1120
3055 3111
2870 4979
3325 4519
352 1165
3079 3336
154 341
2803 4058
2758 4852
2085 4535
3048 3381
27 3705
3168 4948
75 3188
1866 2147
1667 4282
2773 4598
866 2291
2251 2379
995 3143
202 4277
61 2640
671 4262
700 3888
2642 2790
71 2821
1163 2373
2331 3495
1197 4285
102 1300
1402 3741
1424 4422
701 4394
1086 2505
394 4196
2911 4405
3236 3960
1840 4197
1330 3356
172 3331
150 2472
694 1611
360 4942
1082 4072
2009 3076
4138 4827
2313 4470
3163 4811
1791 4126
19 3676
3935 4524
2388 4152
284 1832
2241 4576
1543 1566
106 4271
1481 3184
2008 2599
1791 2686
2561 3207
228 4677
3299 3806
989 3456
1497 2741
860 2091
901 1698
1896 2361
2587 4490
149 4389
2028 4417
3570 3992
528 679
2126 3648
3830 4622
630 3408
168 3083
1775 2211
919 1236
2138 4581
2983 4323
784 4710
1945 3099
3079 3584
4562 4612
485 1403
4456 4894
1642 3773
387 3562
3033 3239
2987 3476
1007 4380
1571 3650
1564 3425
2610 4925
239 443
1827 4773
2924 3465
1742 4863
3231 4388
2471 4635
1170 4269
656 1577
685 2497
1925 3691
2074 3917
2270 4242
308 588
1348 3882
2732 4878
1044 2860
2552 4631
1298 2584
33 899
979 1477
541 4035
2067 4642
2146 2757
1865 2190
45 4702
3308 3611
537 2955
648 4462
2086 4975
3959 4881
613 1567
2145 2661
1391 1851
2466 2969
279 2772
930 4898
2915 3268
4093 4722
2691 4277
3369 4855
2100 4988
1907 3713
1125 3901
1013 1116
570 3664
218 3173
317 2243
213 2322
3380 4508
374 3628
151 3027
3378 4289
3597 4269
257 501
794 4380
988 2754
2569 2976
2606 4172
691 1367
471 1117
2685 3351
1499 1809
152 3085
1602 1708
1219 2134
57 847
2494 4619
551 2994
255 339
1715 2330
2347 2747
120 2464
93 4543
3086 3121
751 4734
2129 4160
1770 3751
1765 2867
857 3783
75 2275
384 4860
2743 3299
1369 4202
207 2486
675 3630
2030 2112
406 932
725 2370
291 2754
492 3623
1218 2756
2044 3256
1389 2235
238 1799
2368 3292
243 1580
25 3308
919 1351
1596 4490
699 2973
1795 4805
2248 4431
3544 3946
2997 3083
3477 3735
3065 3462
822 3419
1139 3238
499 2085
600 1655
1460 2964
20 172
1215 4178
1433 2403
898 1466
145 4748
2869 3120
222 751
228 4666
1560 1721
1239 1284
2224 2532
2823 4354
2707 4082
1805 3625
2506 4818
953 2311
4286 4717
430 2345
2226 3070
1455 3597
3503 3746
1710 3699
3303 4911
2895 4501
2207 4891
2159 4902
2558 3508
379 4261
2356 3167
1650 2107
2333 3333
3579 4063
2183 3546
2154 4296
3782 4131
2193 4710
219 3539
285 1826
3151 3723
4085 4233
3393 4112
104 1147
412 443
1491 2227
3057 4661
1717 3221
816 2617
86 3994
1416 2003
549 917
207 2202
926 4867
4370 4979
3532 4511
2485 4916
425 696
3727 3789
2561 2663
133 271
315 3135
219 4015
1230 1834
1077 3819
3454 4660
3242 4883
270 1026
586 4171
1429 4457
115 2779
3105 4911
1125 4954
3014 3056
682 2595
1605 4649
91 2041
1463 3094
401 3079
539 4989
2130 4068
1838 4720
2941 3177
2916 3663
600 4198
474 4406
2622 3711
216 4731
4472 4790
2711 3530
1218 1964
1443 1833
349 2364
1328 2321
1142 2620
1305 4682
2815 2847
207 3864
4045 4386
1733 3614
244 475
1284 2382
2354 4490
2375 3998
1147 4252
1633 3968
1348 2866
1264 4422
1631 2923
4312 4482
736 1404
1602 3443
1800 1854
2183 2695
631 4438
852 4452
302 1646
720 4450
2808 4642
4350 4536
52 1692
1174 3120
804 4084
3330 4738
1131 2427
3141 4526
1462 2278
917 1033
167 2884
1256 3790
336 988
2080 3598
2243 2849
1788 3166
938 3089
3117 3564
1823 3520
2043 4967
3088 4619
1171 2016
4224 4977
101 3351
969 4306
1822 2766
703 4871
962 4346
2363 4497
2587 3452
3713 4098
2410 3846
477 524
3327 3836
2795 4339
2305 4281
445 3315
751 2394
37 3231
1025 1876
3786 3795
1353 2478
1768 4264
3630 3814
1358 3100
1098 3681
479 2171
1004 1087
1762 3721
2105 2588
1294 2351
1755 2136
837 2541
2835 4855
735 4001
2230 3717
1281 1558
2444 3960
1464 1671
1320 2590
2183 2695
306 2847
953 4846
3077 3789
2919 3564
2370 4658
796 1465
2073 2981
1030 2947
16 1349
691 2476
1390 2905
403 3188
1327 4461
1297 4557
1203 4118
2554 3079
222 3225
329 4574
1020 2008
447 2768
1027 2643
1270 4679
878 2310
1797 4829
1840 2821
1328 2378
1950 2456
86 3581
1137 1353
777 3521
530 972
2756 2916
3341 4493
4454 4641
127 3689
51 676
1909 2709
1273 3111
1742 4975
1211 1740
2134 3281
209 1874
4139 4409
750 1535
4106 4803
2424 3655
462 4618
43 3375
1744 4372
1792 4457
2086 2665
1771 2195
2902 3749
1932 4851
497 2960
3257 3334
674 2155
733 1053
1255 1780
2481 2800
1330 1903
708 2325
1366 2437
11 2375
1856 2850
1216 4590
2942 3967
1341 2461
3292 4614
40 4393
182 4481
110 4020
3417 4255
3172 3437
924 3579
836 3745
2049 3225
231 779
2067 2078
4661 4880
2926 3069
3856 3989
1872 3900
1105 1255
1000 4050
506 1976
2726 4422
2408 3718
1900 3790
1644 2597
4065 4935
1150 4865
1307 2432
140 292
1080 2583
3663 3670
2235 2871
2733 3098
609 2342
20 4093
2097 2352
1356 1578
384 4608
1854 4383
1293 2709
277 4051
4925 4957
2521 2790
2583 4349
1616 4219
1648 3512
3106 3742
7 4374
1174 2908
829 3955
2290 3155
1545 2085
1153 4004
1695 3205
2141 2621
2702 4092
46 1242
198 1684
2173 3614
99 4926
2171 3480
2659 3832
4745 4967
195 640
1309 1823
768 3286
1792 3474
1874 2767
2586 4169
827 1980
811 3948
66 2339
2218 2492
343 3864
1002 3736
2118 4685
3026 3634
165 2376
2336 3421
582 4609
2270 3897
106 3760
69 3801
828 4603
463 2870
160 1796
445 4423
1857 2020
2651 4675
2473 3498
4136 4866
2198 4980
2844 3856
3046 4020
841 1745
4313 4638
342 683
1430 2361
53 709
4060 4499
58 711
696 1691
2843 4593
1479 4928
4108 4795
2933 3646
919 4651
290 2687
1563 3434
1608 4864
184 2910
3021 3542
406 1744
3088 4978
31 130
32 4665
189 2184
602 1954
706 968
1092 3394
128 444
418 1172
505 4306
1967 4536
2333 3230
309 4878
2358 3560
3088 3152
26 1368
3162 4946
758 2472
344 2056
3589 3799
2092 3848
1791 2223
531 1305
2766 4662
3758 4784
517 1387
1175 4954
1440 4224
1286 3821
1357 3266
700 1976
1051 2343
941 2165
553 3672
450 1733
2249 4547
1186 2866
1144 4469
1540 2521
3456 4886
66 1112
4229 4355
3939 4794
911 2911
3605 3925
3505 4775
421 4397
2661 4404
1941 4236
806 936
2963 3830
416 4947
1594 4279
487 3807
2490 3140
4076 4800
1729 1898
2250 4349
1265 4104
1170 1551
1955 3086
594 4779
319 4982
851 2477
1833 3484
1255 4385
1179 4175
1517 3949
1646 3734
195 3650
728 4924
89 3232
2173 3090
403 3357
812 1968
277 1340
1174 1388
600 4317
1831 2489
1691 3772
2137 4793
705 1857
178 4196
906 4642
2551 4042
1824 3898
374 3206
3014 3478
1736 3009
1273 4807
2189 4591
1450 3794
181 2550
1787 2581
2714 4166
851 1461
4160 4577
1650 3883
1664 3030
1477 3429
2360 3401
1376 2579
1241 3116
3990 4969
1467 3996
15 3960
2275 3305
627 1991
379 2790
666 2364
770 4531
1988 2229
261 4206
2725 4893
1896 3645
1310 3931
2235 3259
599 2107
36 694
2270 2409
1407 2588
2734 3575
468 4271
2130 3353
909 1887
4297 4833
2542 3241
873 988
331 3548
735 3727
2474 2736
1347 3718
1292 3292
1557 2286
1074 2880
3328 4927
881 2135
821 868
903 2026
1053 4061
1081 1662
1329 2055
1856 2393
2398 3128
734 1619
4099 4817
262 1309
1206 4047
1440 1787
1641 4240
2883 4658
934 4825
1097 3008
1586 1812
2361 4742
4249 4448
1575 3296
1417 2371
853 3826
2981 3061
2030 2811
861 901
539 3393
1844 3439
2609 4520
1114 2350
253 1176
1318 4198
1685 3807
450 3478
2508 4210
3752 4319
2115 4638
387 1190
2356 4360
2318 2616
382 1394
1455 3073
1019 3262
479 4347
1484 2025
11 914
2620 3920
1753 2517
283 4051
1781 3687
1759 4708
26 973
1491 3324
1235 3401
1087 2148
987 1452
918 4966
859 934
452 3997
1868 3349
2261 3394
1293 4154
3595 3597
1452 2761
4191 4585
1159 3044
1011 2799
393 2051
706 1248
64 2062
405 4876
2524 4171
558 1077
1883 1947
356 712
2224 2599
2872 3276
2619 2792
3707 3900
3507 4700
1382 2838
1225 1710
679 978
688 2479
490 2599
1720 3600
2998 4520
2808 4448
3691 3913
3536 4049
2822 3914
615 2894
2550 4555
1793 1953
3459 4857
775 4253
1153 3612
119 3447
4112 4334
4738 4895
705 4500
3539 4360
2370 2514
1828 3040
3440 4535
1195 4723
601 2345
1985 2131
2515 3617
47 2798
1794 3658
780 2728
3400 3709
717 3091
1037 1169
581 4049
607 1171
643 4799
1401 2895
251 4704
2776 4843
2147 4921
1327 1616
3900 4963
1453 4147
735 3686
2573 4882
1460 2564
1413 1570
200 4144
3213 4471
4494 4730
737 3419
3559 4275
2359 2867
359 4971
2557 3947
1781 3637
2163 2330
3038 4764
2988 3132
2540 2571
547 729
1146 2573
204 867
744 4025
1727 2215
55 1536
933 1976
2321 4483
1114 1912
3118 3921
372 1709
433 4639
3738 4571
1141 3713
1278 2116
2020 4126
1844 4172
3095 4919
772 3132
1954 4658
2979 4273
1842 2618
3611 3705
891 2091
1392 2255
132 3920
3207 3675
365 2942
4061 4799
2614 2832
1685 1730
1315 1726
16 2737
501 1008
3504 4549
1711 3552
1028 3656
2823 4410
698 2005
87 115
2236 4641
3170 4956
466 2941
3257 4789
2466 2668
255 4286
629 715
3838 4718
357 411
3497 3986
2048 4714
800 4900
2349 4182
414 1177
99 3526
611 4303
3238 4624
2497 3385
1492 4670
2847 4154
84 3974
788 4059
1437 2888
3663 3755
31 4186
3491 4366
600 3470
608 1076
1667 1968
970 3637
2674 4569
2448 3120
1444 4414
133 3441
1770 4342
421 4355
3048 3751
939 3079
1773 3884
1171 3759
868 4287
398 2302
2943 4344
583 2054
2566 2616
1140 2822
685 977
112 788
2465 4642
2475 3601
3387 3958
4336 4842
593 2253
2072 3986
838 3209
2407 4120
2323 3906
353 3682
1293 2460
502 1145
2307 4010
796 3309
1224 2948
135 1564
1196 4601
960 1809
456 1682
2726 3631
4268 4467
1066 4555
639 3174
1008 2555
371 383
1996 2274
341 4451
1569 3305
1426 2060
934 2896
199 2688
1977 3821
1988 4646
3948 4470
1408 1417
1486 1664
490 2087
2174 2751
4771 4781
3561 4459
1091 1691
1596 3794
658 745
2675 4344
1796 2546
216 3659
1189 1356
1036 1258
221 2346
603 4084
1913 2262
767 1566
2079 3806
1513 3876
305 3521
1171 1486
2384 4701
4301 4528
206 1608
2312 3599
684 1263
3145 4372
2445 2755
1633 1971
736 1463
2560 2635
689 4425
1190 3288
3761 4162
3306 4618
781 3832
1069 3226
2337 2977
892 4632
2545 3871
963 1035
1134 1755
2753 4288
1184 1879
1071 1939
1279 3465
3248 3288
1423 1615
2409 3771
929 2453
2950 3103
3346 4336
1632 1805
4261 4366
1621 4971
602 3281
2392 3317
1708 4906
1396 4186
805 4426
2379 3251
2046 2955
2637 3828
2526 2716
287 4475
1783 4274
4424 4557
1547 3268
46 2503
443 1107
3969 4987
568 906
368 3408
1778 2761
1140 3773
269 553
701 2146
817 1160
205 4037
2716 2969
3246 4874
957 3908
1623 1682
742 4456
1591 2263
459 2814
479 1357
4628 4973
1868 4630
4247 4326
2873 3122
999 2437
3187 3657
3333 4070
1289 3418
3406 4717
1405 2954
2324 3862
535 1905
950 2624
1789 4041
397 3158
603 3176
322 3626
1603 1824
3281 4916
2283 2968
2591 4789
885 1463
3893 4364
1138 3153
570 4809
338 4037
660 3222
1872 2257
3649 3846
1986 2604
1289 4120
1968 2433
3954 4782
680 891
2576 3471
3302 4933
3112 4465
3751 4324
1291 4635
3338 3468
23 4875
681 4800
3089 3945
1220 3758
3754 4882
1682 4261
1773 4986
155 1563
1435 2674
948 1945
498 2716
560 3585
116 2611
509 2678
160 372
3485 4275
2882 3661
29 106
952 4279
856 2259
1331 3628
3209 3720
33 3304
793 981
1896 3586
1146 1262
785 1699
3394 4133
586 1912
531 2387
17 1053
2594 2780
1802 2400
990 2455
985 1800
2327 4595
2551 3016
1761 3162
2697 3785
1586 3783
773 2203
2252 4467
2283 3711
2436 3489
1656 4127
2367 4201
1285 2157
219 3720
1647 4537
1499 2126
4508 4710
98 1711
894 4788
1388 4451
1377 2471
523 2213
1320 2962
502 1577
33 4109
2206 2649
1181 1882
1968 2900
1270 2675
1483 2781
803 3503
945 4553
2478 4210
2076 2220
1055 2659
1095 1862
286 2397
2704 3958
1693 2932
261 4604
3256 4291
56 665
446 1586
534 4964
1239 2428
4885 4941
1752 4416
1890 2567
1713 3986
1683 3256
4646 4828
1027 3209
1274 3762
1330 4713
2276 4361
1285 2327
4474 4538
58 4055
2298 4493
1027 4625
1768 3994
1037 4267
2694 3934
3098 4236
3793 4585
2250 3668
1089 3899
449 3907
169 3219
165 2168
590 4828
1778 3951
436 3293
1752 3880
1117 3703
710 1978
2000 3544
1707 4266
1943 4171
4446 4600
845 4221
1266 3886
331 3910
935 2600
308 4069
672 1260
758 1409
278 1600
180 4569
817 2399
433 4172
3392 4145
3474 3838
2908 3939
2643 4209
905 4301
1907 2878
3413 3628
2866 4497
2038 2753
901 4837
1450 4939
129 3603
2764 4137
3045 4731
79 1064
955 2358
4579 4749
548 3544
987 2151
765 1021
432 1433
2793 4552
3699 3845
2946 3001
2114 4071
540 3562
1007 4937
1450 4199
722 2095
3393 4824
635 2519
3059 3531
661 1513
959 1430
217 880
370 3132
2558 3176
1280 3967
2378 4820
2019 2669
700 3252
3382 4183
798 4460
300 2812
4513 4919
4149 4682
2771 4525
3181 4188
1200 4530
1596 3941
3551 3776
2384 3645
1732 4042
2317 2964
3119 3681
137 2587
244 4053
3096 3826
121 934
1334 4334
1359 4848
2483 4087
517 2642
1245 1459
3707 4244
423 1524
2502 2539
2749 3395
1021 3000
2603 4904
1060 2741
4067 4442
311 4016
52 1621
2435 3496
265 4771
2078 2822
160 4847
1309 1989
158 1615
3243 3590
759 2034
2229 3090
449 2444
1174 2357
4286 4366
1605 4879
187 4950
3170 3858
1853 3808
516 1055
1883 2909
3567 4932
744 4652
467 1926
1863 2363
2829 4027
341 2681
90 2530
861 4799
2420 2952
1449 1839
1363 2126
1682 2295
536 2554
2698 4958
2188 2700
31 329
2899 3003
2658 3222
500 3617
834 4569
808 3217
3090 4337
1965 2323
4623 4706
289 2362
1220 3969
1779 2674
2544 3430
1471 2535
1110 4052
2733 3293
517 4826
348 1404
61 3695
73 518
850 1817
1558 2355
2365 4887
290 2829
2053 2210
1286 1767
656 1480
384 4048
1918 4209
1000 4996
2632 2987
2312 3645
835 4626
440 2211
224 240
1147 3376
873 4939
1504 2361
357 2125
278 2456
1788 4207
99 2353
425 4418
1481 4283
301 3856
263 3655
1419 1470
1877 2616
3776 4614
2227 2564
679 2370
2255 4734
1837 4819
2037 4147
3283 4372
3077 3332
708 3386
107 2095
3113 3507
452 2534
2503 2730
2193 4343
2432 4717
3770 4679
2387 4331
278 2401
2132 4750
2433 3964
1668 3109
556 2086
3293 4801
2725 4683
552 1439
2171 2240
35 1703
612 1530
1675 3238
321 4553
2720 3853
1394 1565
1817 3129
1984 4663
2332 2361
920 2560
7 1325
2752 2760
159 1616
557 3780
1612 3989
3830 4083
2074 3279
3589 4655
1030 1735
353 4302
1184 3730
3220 3994
505 2444
341 2606
2016 3584
795 1437
285 3180
1647 2270
3101 3931
119 1803
2201 4556
1634 3646
438 1287
1015 4985
387 4555
721 2534
127 1438
1115 3837
2391 4142
1866 2185
1052 3700
2086 2214
3077 4896
3381 3912
302 1553
1668 2744
9 1954
1610 4963
376 4087
2177 2671
2597 2706
48 1217
1726 2727
1248 4582
923 3046
721 2971
2211 2304
3134 3665
1100 1491
2353 2607
1735 3918
1036 4745
1195 1198
2569 4707
374 997
1699 3698
622 3872
183 2344
617 4177
1775 3615
3344 3480
1191 2116
3446 4485
1342 2086
2196 4195
2431 2516
2821 4775
3658 4577
2553 3080
438 2672
3213 4509
3331 4677
2849 4330
2 993
1108 3450
221 2384
1418 4048
1365 4731
1544 3371
1945 2710
1044 3975
3235 4502
1234 4443
273 4067
3038 4446
2746 2830
823 4219
470 3357
319 2766
3354 4513
371 1899
1479 3688
292 2932
2875 2895
2158 4927
4124 4756
4163 4423
106 3375
1317 4874
2111 3556
565 3259
1763 4219
1636 1985
137 2981
2670 2831
1535 3805
904 1706
2896 4115
1723 3473
795 1631
3699 4522
774 2027
1448 1534
2405 3268
545 2641
3946 4510
719 1215
770 1223
1635 1708
957 1706
788 3797
7 3649
2889 4917
3534 3808
84 2977
4077 4741
1119 3077
2192 4883
2980 3475
2536 3044
812 1522
4236 4419
2108 2274
3489 4743
320 1842
448 744
3493 4358
1878 2937
820 1274
1875 1907
3546 4306
199 1030
2605 4625
2717 4166
1445 2407
757 4535
3310 4381
2017 4885
55 4263
1216 2586
2237 3327
3239 4827
1253 3430
1256 4389
365 4593
2715 4455
2808 3253
3187 4009
841 2040
1126 1870
950 1310
488 1564
353 1818
591 4665
1992 2390
54 3255
1578 2512
1123 3173
262 845
1231 4204
3794 4102
1637 1956
1346 3462
1810 2036
3336 3356
618 1175
1590 4991
21 2881
4236 4866
3282 3351
4821 4857
624 1024
1679 2876
2879 3738
2579 4639
4657 4670
3755 4930
129 745
3130 3584
4510 4530
1499 3468
1220 2815
1219 4014
682 2805
2247 4656
58 2996
1757 3210
938 3584
5 1621
3801 4020
2928 3709
2394 4616
2306 2721
4173 4844
195 2820
3788 4431
2302 3633
52 1206
914 3770
12 4786
48 4497
4381 4710
1238 1412
3448 4246
3485 3681
2814 3283
1379 2246
124 920
2046 2713
427 1347
1371 4932
1698 2503
625 1447
1887 3428
1153 3774
293 3636
1964 3673
622 2006
531 1085
3506 4830
132 1092
4592 4597
655 3471
1338 2713
1063 1830
177 2505
316 3219
1737 2437
3158 3476
1420 3919
1447 2400
4071 4702
3539 4412
460 4219
1228 3240
93 4718
120 660
2105 2590
1353 4008
487 1569
220 1537
281 4167
850 4849
3504 4323
1850 3522
1557 2281
304 539
71 4334
775 3339
762 4394
2007 3034
3562 3921
4437 4961
8 3597
2235 2918
1050 2333
2518 3732
1923 4699
36 304
1634 2678
176 3049
1965 3006
414 4198
1362 4715
2588 4505
2691 3296
1774 3835
3216 4167
319 799
250 3265
116 4727
2992 3620
546 4170
554 1164
2668 3791
3393 4622
212 4651
1492 4096
1154 1819
2552 2593
10 4860
939 1244
1339 2842
3855 4522
2415 2578
39 3292
751 3276
444 1066
1552 4935
963 3652
811 3224
1437 3068
972 3580
1273 2982
2392 3771
279 812
253 3433
928 1159
1131 1780
297 2179
3560 4733
108 4622
3355 3715
20 3345
448 4374
321 4253
1467 2376
360 4422
1702 2362
1468 3148
2914 4997
3945 4776
3622 4716
878 4589
2780 4252
2378 4047
610 4750
1138 4701
1059 1676
120 4261
2438 4002
1579 4999
1836 3494
2650 2743
748 2577
644 1875
741 4749
3220 3975
3157 3974
803 3593
660 3854
1879 3179
3473 4343
2104 4962
1322 3909
728 2636
3968 4090
1536 1548
970 3713
563 2758
2053 4863
3180 4825
251 3124
397 4863
2260 3125
3156 3526
1494 4864
1042 2312
3346 4732
1130 3785
2955 3753
4364 4552
1310 4562
1696 4510
856 2112
1605 4599
171 3531
1163 4524
3578 4242
4318 4803
995 3311
1733 2409
2622 3607
2278 4311
2156 4013
269 2536
1202 4127
267 2411
3170 3674
1382 4449
1085 4824
1148 2088
24 2366
2801 4526
1286 3904
155 2429
1387 4439
44 458
1930 4442
591 2061
1094 2396
4694 4843
1972 2696
3874 3937
1766 3639
1491 3649
630 1685
973 1462
1367 3832
2280 4492
508 4330
2931 4573
1143 1746
682 2468
3601 4953
5 1371
3888 4778
1334 1568
2324 3426
1534 4793
719 3365
1042 4414
2538 3546
3134 4594
1243 2669
485 2330
2838 3104
117 1441
2709 2974
1349 4497
1440 1510
1674 2127
2031 3407
3683 4777
140 2838
3152 3832
2081 4945
1896 4791
3 4058
2322 3534
1095 3017
1520 4215
874 2492
591 2426
32 3118
4126 4173
830 1406
215 2968
2473 3974
617 2689
143 681
810 3841
1838 2365
3367 4460
39 4590
3008 4365
149 3377
3 4922
1615 1680
305 4604
2929 4964
2152 2710
2889 3428
1815 2185
745 1494
143 368
2169 4250
2491 2723
865 4861
3105 3780
2097 3418
630 4430
534 551
1122 2245
1026 4946
489 2568
3618 4899
273 4681
3580 4449
23 3144
644 1183
2859 4344
3400 3614
2295 3264
2724 3552
413 1116
3559 4158
1425 1869
1554 4492
139 1696
196 2186
630 895
3010 4138
1684 3697
484 2611
912 2915
1063 1719
2808 3147
2940 3211
3211 3602
734 4519
2471 4566
3620 4833
771 1288
2699 3752
393 3568
3311 4655
991 4473
106 551
121 713
2194 2672
38 1456
1953 3909
58 1079
506 3631
1103 4504
278 4531
2939 4332
4011 4520
821 3266
613 2374
1714 2598
168 4801
827 1727
644 965
122 3884
2887 3832
320 2379
105 3730
2035 2438
2475 3816
2191 4786
411 4636
2156 4347
2374 3213
539 3946
1295 1686
299 1161
2856 3851
2777 3026
1816 3044
1919 3344
3051 4629
1732 2307
948 4546
860 2703
1846 2964
111 4806
393 4155
728 1044
1123 3947
4249 4940
3407 3925
362 1816
906 3803
1437 1975
2526 3726
738 1911
375 2637
37 335
69 4841
2772 2893
1895 2353
115 1602
2060 2721
1699 3077
868 4767
3689 4857
2980 3786
142 4319
1431 4420
1042 2625
3287 4756
84 2585
2045 4670
537 3931
1473 1493
2713 2866
270 4579
2078 4318
1294 4806
1589 3809
1798 4815
288 4831
561 3534
3870 3873
1410 3908
1432 4320
1784 2096
903 1112
2509 3753
2294 4281
3205 4344
163 3027
2266 4874
1018 2589
3382 3781
3663 4950
38 2618
1990 2946
2886 3295
1150 2109
1574 2021
2101 4813
2424 4801
700 2980
2886 2912
4214 4608
3410 4940
1619 2482
439 2104
1561 3237
2764 4212
1077 3726
745 4958
1929 2409
1395 2757
1609 3719
2069 4912
2167 2358
3160 4933
3088 3502
1671 2350
1445 2695
885 2532
852 2627
1167 4806
1801 2679
3395 4701
3647 4298
465 3119
2320 3066
2542 3629
2216 4769
2851 3460
1705 3351
158 3262
244 622
3273 4679
1855 2286
2162 2928
862 3319
2320 4903
1392 2955
1203 3482
2039 2127
1257 2278
1326 3163
232 2395
220 4726
128 1460
3537 4621
1669 3223
1930 4915
559 672
332 1353
1064 4029
708 4285
1299 1683
933 4526
2669 3126
896 3167
1834 2202
2167 3177
1839 4618
3377 3922
549 4346
703 1496
2997 3739
3768 4618
2350 4700
830 4639
1366 3000
2493 4860
1497 2061
1001 3579
705 2257
2812 2947
2511 2957
299 1548
3039 3094
218 695
1264 4211
178 4652
4595 4617
368 3835
119 2273
2660 4480
183 2034
1243 1807
3420 3968
1339 4084
2789 4958
1783 2759
2871 3043
267 1709
332 2673
2616 4761
1764 3611
1480 2822
660 2489
1862 2126
2004 4259
476 3370
65 1487
228 1766
282 2758
3834 4792
573 4436
507 3563
2442 4956
4535 4635
2623 3155
2777 4992
1995 2527
1174 1897
699 1716
707 4889
686 2061
2555 2727
1238 3800
1722 2727
2027 3609
2188 3487
214 3453
3035 4786
3617 4951
4067 4549
1677 1736
1164 2883
883 3309
2221 2508
2411 2440
1744 4485
2693 4156
2193 4402
514 844
3812 4224
940 4358
1853 3229
91 3130
40 4486
3208 3229
1006 1583
1388 3711
2354 4120
344 4331
2006 4336
163 4372
437 1137
2315 4564
1994 4562
233 1294
1517 2528
2100 4875
221 2908
1084 2479
1068 2087
1663 3420
1347 4970
2001 3196
3943 4792
955 1701
3726 4936
2035 4369
2769 4172
96 4424
1183 4232
505 4437
1909 3858
1409 4188
2044 4300
418 1242
8 4555
3588 4927
824 3108
2195 2749
120 2481
4357 4425
767 2491
704 951
2932 4691
3748 4073
3637 4176
1971 2239
1707 3016
681 1500
763 3089
2199 3975
3067 4026
316 2065
2579 4925
1619 2774
1657 3442
3258 3700
575 4896
1469 2239
584 4538
1304 4611
1925 4757
3807 3889
486 862
285 2169
748 885
2230 4312
3841 4098
2500 2990
917 1841
584 1624
6 1112
1224 4984
1715 2961
1311 4538
4459 4892
1197 1631
1942 2040
373 4397
221 3524
3952 4040
2783 3967
533 2842
1201 3328
1621 4498
792 4813
3231 4423
60 1217
2150 3746
1763 4694
3030 4006
2237 2748
2532 4708
475 2004
2259 3457
401 3861
3211 4717
2859 4299
2533 4329
1142 4636
325 4069
1769 2676
1637 1793
665 1535
2622 4778
3855 4807
2886 3375
299 3242
1049 1636
919 1346
1002 3775
931 3129
4275 4577
2505 2854
475 2045
3585 3836
2188 3090
1893 3578
402 557
2154 2557
4409 4596
342 2499
2450 3674
2513 4067
886 4847
3295 4198
937 1055
2359 4663
285 3859
3708 4962
2464 3842
2720 3257
1586 4633
902 3349
2348 4237
2656 4526
904 1030
2654 4987
3320 4965
257 4532
1516 4141
740 3137
4460 4887
2084 4191
974 1640
701 4536
934 2120
457 3073
805 1347
38 4826
1611 2107
403 2413
1376 2831
1500 3922
886 4462
2282 3075
2601 2763
3270 3425
1143 2712
3223 4986
3131 4041
1722 4336
2416 4708
1222 3576
412 1874
2031 2929
2027 3147
1140 2253
1531 4281
400 2457
311 1318
3028 3849
88 2775
1262 4830
526 2440
3555 4122
230 3481
964 4777
106 547
612 1722
1654 1946
878 2513
687 4721
3480 4498
67 4228
1232 3568
3634 4436
1346 3580
2734 3266
2140 4079
3788 4246
624 4431
2350 2406
580 4426
1330 1642
602 1581
248 4476
858 947
355 3453
832 2573
1435 2910
3229 4177
2315 3465
3279 3330
2308 4254
1571 2868
4219 4470
582 706
1686 4723
740 2192
1355 4970
2058 4113
3042 3641
1991 2081
690 4698
99 3252
3100 3830
1994 4389
1113 1132
191 2367
3529 4261
3228 4362
3461 3851
1338 3724
857 4264
1188 2643
1682 4928
1868 3279
169 2337
2537 3875
108 4729
2652 3533
1298 3904
1618 1728
120 1564
2592 4199
2657 3341
1134 2977
990 3781
3834 4979
1631 2347
1720 2973
467 4774
767 1068
1294 2325
1902 3094
2311 3033
1182 3266
64 3149
596 3880
36 4138
3344 4973
544 4809
413 3921
1103 4371
1933 2702
3867 4694
1367 3657
153 3906
1817 3201
1383 3461
380 1310
3547 4563
2226 4692
145 4288
2076 4446
91 1211
684 4229
3679 4100
3324 4266
2807 3537
724 2782
2325 3425
2626 4777
2146 4896
4258 4891
2261 2387
4869 4983
1755 3155
1240 3306
570 4049
1160 3287
1943 3608
2024 3222
1445 3065
1682 4488
1908 2661
3117 4622
1201 3566
1394 2742
651 4398
76 3187
263 3723
749 3446
4775 4898
1232 3994
1219 4927
753 1099
1471 4548
2150 2288
565 3504
4 2275
462 3767
1455 2308
969 1250
330 781
278 513
1750 3233
92 1733
216 2829
1234 3477
1752 4792
2403 3414
324 1314
1432 3718
1313 3259
1720 3391
3936 3960
1931 4997
249 4561
29 2316
1888 4646
2499 3736
348 2901
2781 3229
4277 4738
282 1947
618 3269
2855 3482
888 2890
663 4390
3241 3830
2927 4323
1698 3076
900 1238
1437 4074
3095 4642
804 3394
456 1988
3736 4253
2071 4451
757 4034
3212 4514
150 3195
2167 3517
1181 4375
1790 2655
17 3362
949 1201
1280 4824
1339 3111
2064 3496
2551 2968
113 3596
3182 3427
1507 2566
1077 4126
2082 2133
3572 3695
531 2224
1411 3818
1258 2531
3562 3902
3541 3592
3354 4968
3406 3953
3353 3497
3627 3942
917 4763
1602 3576
343 4415
650 3705
846 2085
2283 3988
850 2088
3232 4290
573 799
4250 4316
470 1368
1698 4622
2259 4418
2020 3640
338 3936
2073 3004
112 3235
1447 3290
375 4964
1274 4880
694 2201
3560 4733
476 2212
3264 3676
4738 4948
1655 2732
917 934
1020 1242
3984 4564
3106 4575
2869 3260
1751 3494
107 4108
4186 4294
1998 2597
2670 3435
3170 4635
31 92
2628 4615
2574 3973
615 2228
737 4319
17 4349
691 4259
3087 4294
670 2146
3240 3570
682 1715
1422 3753
1735 3626
1447 4426
2089 2849
725 908
966 3440
3676 3804
1382 1560
1892 3033
3021 4536
164 2398
2961 4012
1021 3998
1173 1179
901 4259
2349 3738
1308 2160
3674 3968
90 1318
2785 4493
3841 4682
3211 4160
217 4769
1820 3785
237 728
528 1464
1622 2857
1273 1886
1049 3174
723 1223
1637 4349
1981 4436
2451 3282
301 1167
682 1170
3260 4869
1139 4514
4600 4981
1883 3749
984 1644
2454 2559
359 4598
2880 3294
777 2161
2720 3083
2442 3984
4173 4220
22 3216
2999 3907
1725 2960
836 2665
228 228
1195 3215
3132 4513
937 2406
1044 3971
138 3632
698 4594
3652 4706
1986 4316
879 1336
1 1420
1068 3301
761 3730
1230 3782
648 827
3212 4407
1179 3051
1871 4818
2478 2663
3448 4808
880 4820
2881 4882
512 3923
513 3513
4030 4626
1351 4346
876 3110
1874 4588
778 4465
3080 3803
1972 4688
3058 4648
2334 3657
3335 4350
1395 3358
3469 4698
3139 3848
107 111
3298 4540
843 4116
3343 3544
2339 4725
747 2085
1678 3876
1230 1482
1345 3842
2971 3854
835 2792
1856 4954
2902 4254
178 317
1275 3751
1020 2945
707 2157
2725 4413
2638 3154
4340 4346
2770 4162
2831 4169
777 4215
4279 4611
2700 4591
2654 4588
540 4983
74 1830
2665 4531
1424 1652
491 4881
3612 4511
875 3048
4085 4900
2051 4470
2516 3276
351 2076
1890 4789
848 1221
1149 1722
826 1490
1772 3657
721 2845
4103 4477
2763 4456
707 961
154 1850
4133 4259
620 2977
1875 4858
1082 3427
1041 2966
2190 4757
1412 2989
3487 4341
3293 3583
116 2810
4763 4955
2637 3693
3049 3371
1419 3101
653 1262
2323 3404
354 2943
888 4938
13 1221
4862 4924
1526 2739
3232 4003
1435 2458
784 4452
368 1881
3266 3919
2141 2896
839 956
3082 4488
1322 2607
999 2723
232 1072
1368 4702
1799 2637
779 4846
2766 3715
515 898
3363 4224
635 2308
2287 3881
1414 2885
997 2655
916 3164
825 4017
1231 3454
193 3578
918 1490
1971 2992
4635 4924
3022 4565
1424 2155
2055 4015
2389 3549
4250 4776
27 2052
2356 3891
3118 4846
3862 3873
3629 3939
1430 1583
413 1005
4531 4885
1826 2412
3348 3728
1307 2378
579 731
1890 4877
2088 3403
876 1347
793 3579
1191 2127
3277 3657
3216 3963
391 1492
2727 3695
1679 1682
707 2049
1251 4242
1197 3095
1140 1785
3797 4248
1943 4483
1055 2838
1065 2487
728 3934
2208 2221
1965 2596
1142 2914
447 1959
68 1132
1881 1882
3165 4945
1378 2731
1973 4538
211 2799
97 1145
2666 2967
2404 3724
4760 4771
614 621
4139 4967
2892 2902
2873 4989
707 2702
1144 3006
1206 3274
994 3770
934 2110
3267 4543
1028 3593
1214 3880
1206 1244
3680 3991
1741 3301
14 498
844 1016
477 4609
402 2086
1794 2910
211 3332
4081 4543
1338 4961
3005 4074
1365 3942
795 2126
2426 3281
2445 3535
1471 4382
4291 4750
605 3355
2043 3632
1948 4217
847 1488
3062 4393
1719 2148
2482 3206
941 1286
1225 1640
3426 3609
1337 4525
1199 1636
1640 1900
527 1777
2892 4728
537 1745
54 2128
2243 2395
1996 2102
572 2927
553 1472
4500 4761
1485 1881
3366 4675
125 3803
1885 4700
1063 4432
4142 4554
3949 4767
1507 2359
1699 4247
2162 4385
775 1634
736 4180
1200 4909
817 1887
1793 2635
3927 4119
1411 1450
407 2777
1283 4187
1426 2824
1199 4368
3178 3640
586 3555
2891 4793
623 3975
67 796
4335 4602
3672 4181
1055 3100
1080 2278
1269 4057
1442 1903
1531 2443
1328 4008
1213 3525
752 1802
4791 4861
1653 2168
426 3099
1345 2919
2997 4364
337 574
1260 3527
3235 3729
4490 4864
202 1242
1117 2783
728 1209
2502 3415
1056 3915
519 3087
753 2143
4662 4867
4145 4296
1890 3113
3010 3144
3849 4537
367 2532
681 4961
353 3164
4157 4383
1676 4304
165 4899
2728 3865
2860 3478
1542 4256
546 3265
585 4697
1737 2610
1289 2652
456 2073
341 2622
1268 1343
1676 3890
173 406
1815 1859
744 3899
491 577
2463 3913
471 3695
950 1656
2800 3070
2392 3315
1281 1466
234 2076
91 574
292 1482
118 202
2042 4769
525 3136
937 4001
2893 3535
415 4468
2275 2722
3328 3477
352 2908
1442 1836
575 2791
994 3517
948 1332
3573 3978
631 3052
296 954
1765 2013
3877 4141
4009 4429
615 3533
1123 2178
245 3994
1981 2169
3013 3260
87 313
43 484
2713 3970
1013 1723
929 2623
2225 4305
1273 3891
1939 2591
432 3439
4219 4840
537 1978
1368 3872
1526 4420
1641 4699
1422 3273
963 3944
873 1385
1247 3522
3098 4815
470 2470
925 2574
2171 4764
178 4777
768 3285
596 889
4493 4568
898 993
161 4733
2656 3674
51 2880
3354 4684
544 4531
3360 3810
104 2766
4650 4970
1389 3728
774 1107
1418 4986
1288 4743
1756 4405
2763 4191
4304 4558
2265 3965
1594 3670
1148 3040
3403 4127
762 3422
3273 3698
3320 4870
317 4354
174 864
1273 2261
2605 3583
2292 2402
1473 4128
1396 3291
514 3134
2953 4661
1623 3700
2189 2337
1339 4779
1673 3127
485 3126
3445 3941
946 1311
2471 3649
595 722
921 2084
3736 4616
2993 4983
592 1657
2302 4677
2394 4224
1174 1690
1645 2246
600 3954
2598 4076
1383 4062
3049 3574
4087 4530
2470 3206
3684 4443
2896 4641
489 3377
334 3624
1417 4318
4421 4605
2796 4706
340 2762
3567 3748
1011 4171
739 3398
4174 4834
2150 3891
1172 4606
2122 3691
262 1053
629 1598
2714 3079
2599 3936
1605 2696
2751 4480
1244 2924
1267 3116
2034 4979
813 1525
4866 4873
3868 4165
1693 3651
115 4603
848 2337
2384 4714
1750 3437
727 2826
2654 3469
819 4281
64 2224
353 2895
205 4227
1720 4973
1563 4521
1246 4064
1596 4559
1557 4523
2306 2336
2108 2447
3587 4594
2532 3673
338 1573
1699 4185
501 4685
1447 4764
139 2035
1734 2191
631 2052
639 2784
1629 2963
3416 3551
20 1590
268 2791
1731 4459
2989 4498
2424 4596
726 4897
2577 4924
1538 3054
78 3324
1991 2421
689 3390
492 1775
3440 4373
661 891
2743 2898
1562 2820
430 680
951 4841
1683 3137
1771 2178
2229 4518
153 4406
2352 2473
3917 4026
3131 4796
780 2398
2996 4400
1003 1909
3101 3201
1418 2419
128 2270
325 1017
922 941
3111 4872
3252 3860
999 3851
4507 4777
590 1523
1373 1729
1327 4091
773 1584
2316 3734
2070 4338
2028 4642
708 4980
2748 3738
2411 2445
417 3031
1631 1859
1123 4503
768 3536
663 2228
2375 4264
1473 4903
936 1117
2869 3221
2103 2210
1803 4334
393 1865
1092 3290
773 2759
1457 4844
2427 4946
27 3724
1889 3092
3916 4508
934 2983
2324 4579
330 2638
685 1843
1895 4287
473 1291
172 4774
78 290
1833 3629
917 2469
350 3721
2398 2673
2223 3003
2097 2567
958 4694
1343 2476
1792 3348
1019 1512
1848 4962
953 4139
625 2934
2735 3659
582 3278
2566 4448
2074 4256
501 1939
1301 3656
3246 4697
7 2620
469 803
3487 4530
2096 3219
1470 2284
1945 4057
113 3572
1151 3376
2532 4519
2434 3294
978 1473
2935 4533
87 893
514 1425
1930 2006
801 1538
2633 2813
1716 2752
289 778
2390 2812
345 3730
1472 4627
1411 3986
1339 4453
223 3504
2030 3726
2103 4896
1692 2599
2518 4624
187 1568
2594 2967
1606 2820
3134 3642
394 3628
574 4623
2963 3455
409 4963
3990 4845
2231 4547
1317 2393
519 4330
2978 3249
2124 2558
773 4752
1866 4703
15 2585
869 1909
497 3536
3916 4500
302 2390
3682 4558
1018 4193
1997 4147
491 3265
2859 4374
3965 4738
1023 4949
2776 3222
1171 2177
988 4839
302 3650
133 1928
408 2307
1828 4389
220 1551
102 1950
752 1869
1330 2900
976 1986
361 3135
2042 4130
24 4212
532 3842
2385 4317
4389 4856
474 3957
942 1938
1688 2619
3407 4702
1880 2289
172 4991
189 2682
1901 3003
2494 4148
4287 4850
19 2395
2487 4812
477 2732
2067 4842
3804 4782
1595 3236
2959 4884
781 2969
3462 3747
1719 1854
789 3752
2945 4574
516 923
903 1446
1705 4264
960 3322
3583 4040
805 3920
1314 2195
1493 2216
122 2296
841 3786
2361 2472
1234 2931
1871 3792
1799 2485
4612 4809
2656 2800
1088 1633
3109 4486
872 4057
254 2290
2370 4259
402 3955
1658 4844
337 1158
2631 4005
4021 4513
952 1628
3438 3757
525 1756
713 2172
4700 4963
1441 4482
3024 3077
1995 3882
607 4834
1540 3991
3633 4647
4465 4807
758 4159
2248 4072
485 1026
916 4873
22 4189
2403 4101
1296 2314
567 2606
1746 3862
129 2053
4774 4836
2251 3424
2099 3877
1412 2706
1674 2509
81 3607
56 497
3446 3877
1910 3103
805 912
3468 4358
621 3394
1205 3123
2738 4024
45 900
1531 3608
49 2470
2264 4434
4035 4496
1746 3242
3350 4568
1133 4247
1670 2144
1331 3516
3286 3808
4215 4355
3220 3221
1565 4808
929 2713
1748 4121
1227 1639
764 1707
967 1570
1861 3520
3969 4654
3212 3668
1343 3811
1771 3798
3208 4584
215 3864
1799 3263
1713 2028
2062 4138
925 4799
289 751
624 4138
1850 4875
219 792
604 2827
855 4098
3205 3962
4361 4495
4484 4533
2729 3179
3761 4699
425 2995
2512 4637
2827 3212
853 4931
2265 2393
546 2311
52 1554
1875 3311
1834 4164
32 1090
566 3887
2134 4342
3168 4461
2654 3822
2191 2236
2511 3889
2825 2936
3204 3936
1104 2636
4067 4374
1257 2067
1006 2971
84 3763
3601 3736
704 3447
1877 2639
1677 4642
1062 1833
2518 2840
1944 2166
620 4286
2169 4866
413 4451
1969 2231
819 4938
3295 4758
437 4797
1664 3923
2064 3072
3131 3728
2668 4710
4705 4919
622 2877
2446 3930
1328 1995
4733 4973
1493 2947
204 393
1736 2053
1123 3835
256 3692
1004 1554
496 3820
472 2288
2046 2908
1457 1988
541 747
643 4991
1964 3658
98 1921
724 4050
2399 3084
