5000 5000
3738 3560
923 3073
4865 1404
741 4606
4424 1675
4690 671
4738 900
74 1585
1172 4427
3739 1085
4098 1464
1680 389
4833 860
31 170
1692 2412
3412 708
2770 4957
1198 1399
3736 4471
1002 4677
2448 3718
197 1988
304 1393
457 718
1119 680
803 1363
1991 333
4088 566
721 3036
3020 1050
4500 4249
1675 3617
1276 356
835 1568
2691 4914
610 704
2811 3938
2709 4399
4542 4676
439 3904
4704 4037
1966 3952
524 3279
719 4450
160 877
1929 2790
1759 2435
456 1761
1149 2478
4750 426
2770 810
4738 1677
153 622
1443 2931
3265 535
3199 3055
552 2510
4026 208
2925 2538
4290 2514
1175 1528
191 110
672 53
3017 2270
2578 3367
3808 2712
14 771
1978 3243
1688 4686
2633 4139
2987 3713
3774 2940
4049 4915
1159 4596
885 2630
2673 1391
4948 4261
4977 4171
4017 1021
1076 2626
3150 845
4242 232
2115 4129
4529 2997
2070 3735
749 395
1195 178
891 3530
1886 2529
82 1824
2645 924
2370 527
2037 2437
2261 3349
3292 2690
212 574
2368 2760
4234 505
1321 4631
3149 452
1950 2192
4306 1152
2805 3138
962 4584
3568 1641
1054 1487
4285 1918
1766 898
3710 304
4157 1002
3464 1964
1319 3853
144 4560
2262 1010
722 1307
768 738
774 4434
2769 1580
1421 1177
1734 1196
1247 4395
1692 2876
2346 2123
3809 3411
2005 4762
2481 327
2458 2755
684 868
2386 1398
2106 1731
1167 1687
2447 3983
2221 1174
3763 4844
4741 4807
2907 4291
2314 604
2726 2238
3433 1915
3130 540
2689 2627
4537 3080
3331 3782
2875 2122
4283 1603
1782 662
4233 1636
239 3982
1843 3198
1761 3725
3636 3661
3804 4024
650 1206
3772 1978
1665 4698
941 4165
4775 1037
493 630
4894 1734
4575 667
3817 28
3852 4384
1417 1206
4498 4344
2431 3746
4795 4748
3086 394
1764 2053
1802 200
3275 1728
4752 3364
2311 2773
4254 601
3921 775
330 3357
1407 4148
4810 3398
709 2490
1643 373
100 3050
2860 1095
447 2263
2525 4860
1817 4307
733 1135
460 4135
4011 3779
4730 3978
567 2539
3986 991
2543 2698
105 4205
2693 511
2160 4821
2762 4513
102 3600
3892 4096
4760 508
2278 2486
4845 3973
2564 1167
4746 3616
3931 2044
1665 3221
3760 4963
562 4533
665 3472
906 4348
1101 2919
1060 3468
4343 2809
4195 2192
115 2215
590 891
3426 3985
3752 3114
4332 4545
1318 185
867 4561
3758 122
1086 1395
3633 26
142 1607
3002 1423
3488 1179
4768 4596
1693 3492
737 3006
869 4328
2187 34
531 1536
2894 258
3775 2863
3610 2960
2809 69
3358 4391
1821 1392
186 1736
2965 4212
1475 4286
2971 385
1698 2311
333 107
2287 211
4060 4378
989 1567
4739 1034
1944 4592
3928 431
4136 319
168 3437
3017 1103
1649 857
3170 3607
1385 3452
504 928
915 2409
2045 790
2342 4923
1971 3158
355 2135
2035 1867
1357 3966
1879 2329
2278 1336
884 4392
4945 3362
3946 710
148 1846
2518 2228
337 3159
3832 768
331 2715
3935 3771
3210 487
4819 4270
843 299
1381 708
4620 945
4375 4499
4041 3956
3223 3270
1372 4060
4661 3254
173 3299
729 4374
4547 4606
3036 4637
2611 3995
4406 2047
428 3577
1015 2207
3336 93
1390 4189
1648 4526
2504 918
1833 1607
954 1812
4955 1840
2435 4347
102 3393
4561 1771
270 3806
4974 1862
3209 3178
4248 3558
3170 2268
1674 1734
4838 1823
2681 3836
997 3125
1690 191
4721 4144
3020 3906
4317 2271
1907 98
4264 2672
3401 2369
956 1427
1037 505
649 1625
1230 591
842 635
3423 3393
4286 2521
3035 4817
4814 4824
1575 4429
1616 2898
2946 2538
662 2693
3348 1930
2740 3542
2891 3363
1713 417
1748 1039
967 2620
3527 4176
4633 3911
2399 4508
2302 2042
1928 2133
2672 3132
2514 2182
3099 1047
4494 1539
1836 3615
3456 112
1734 1883
2884 1859
194 1985
9 2123
99 3876
1622 3152
3764 1178
544 880
1427 702
4798 19
4683 4130
191 4072
4265 1047
1799 2834
2563 2773
3510 1104
3462 2712
4579 733
822 448
1344 4624
98 2460
4135 3463
4993 3922
1302 4901
1577 3400
2730 1094
3194 728
118 309
405 4725
3203 2767
1679 4702
3979 1312
610 101
2193 3856
1452 4259
1650 2384
1790 4566
2337 4358
3407 3
2757 2753
564 3566
1662 3930
3209 2478
3011 379
3186 3293
2405 165
2815 1619
4034 1481
4727 2851
1858 2840
4793 1123
1110 4089
4699 3001
4000 4994
4774 1276
1689 3355
1198 1282
2394 737
623 4470
1264 1247
3068 3687
3092 1555
3341 3719
3882 602
63 1806
194 1553
2705 1029
1616 4337
1137 2976
4878 1901
4354 2933
4861 3290
58 4520
1084 517
1480 3043
2557 1910
4888 1259
2692 4009
3360 839
352 168
2903 1697
1071 417
4236 2375
1020 424
4202 1663
706 2359
4434 517
2826 4606
2758 2991
792 4359
3009 1161
4948 2407
1057 4399
4195 1938
114 169
4497 1303
1303 2918
4892 2486
2986 58
3671 3883
2627 1604
3184 1316
2149 2834
3933 1067
2266 1779
2607 3441
2269 3766
924 3852
4401 3209
142 306
3168 1148
211 2138
2177 963
1916 4065
4780 3607
684 436
1941 2309
722 1362
933 4668
1312 863
1928 1555
572 2106
4944 317
1589 4875
2352 554
3230 452
1171 4972
2886 1676
3994 1384
33 4291
3972 1152
2688 1296
3110 446
365 999
2575 173
2789 2780
3455 1334
2948 4772
406 1424
3054 4447
1115 4832
2320 4136
3869 4311
4573 1039
622 1320
1965 2915
3237 2260
253 1820
3639 4780
1160 3081
4303 2608
2144 4809
1094 517
1921 2900
358 3999
3088 2663
4277 2722
3721 2749
456 4696
4933 856
1285 1062
2247 2423
469 2231
256 3104
3068 2492
803 711
3136 560
1954 1764
686 2005
2623 1112
3311 1258
955 1193
1621 4398
2550 2549
4630 3083
2980 1607
2677 4671
4865 7
4894 4179
694 1013
2944 2109
3853 1356
3120 2501
2620 4205
132 781
822 362
113 2467
865 245
4144 4559
2886 2158
938 2622
4201 2145
3665 3460
564 2743
4184 2023
4176 2501
3157 1461
1180 4445
2982 2849
961 1315
544 1180
2062 2357
4174 2324
917 3030
4045 1998
937 644
2191 3526
3234 920
1902 3091
549 135
2926 4503
3609 1614
1107 4948
861 3252
4352 2660
2796 2287
600 1907
2502 3386
39 1368
4607 4961
886 2977
4016 1479
1824 1055
540 4749
1437 1946
3789 3563
1306 2239
1168 2333
155 3450
1777 4991
3494 1861
2733 3914
43 4040
2296 1182
3072 1786
1310 409
2630 208
150 2664
3510 1849
3148 3559
4471 4762
4761 426
3040 312
821 3662
2380 3853
2415 2466
841 3339
3978 1089
3571 1350
129 3881
20 510
2666 4030
1047 2405
4106 1924
2364 3043
3335 183
3341 539
56 4758
1344 4130
3853 4226
788 778
3105 795
2085 3937
1417 2187
1558 1317
1170 4589
3872 4997
713 1509
4762 4828
1354 1693
3608 2703
1722 65
3707 1352
1451 3519
3456 2470
3845 2233
1925 3501
1565 4228
4737 4788
3111 2202
400 1038
1050 2272
3873 4914
4408 3793
2316 449
1502 2679
4839 2422
1332 211
3902 4857
2752 1783
4789 1230
2461 3762
1696 1948
3380 742
4552 3320
2870 256
4031 505
2205 3007
488 1330
103 3696
4144 4025
3844 727
3320 2708
22 373
2367 3565
2116 4680
1353 2058
3880 3653
750 3057
2052 1347
3161 1497
3970 4985
4682 3578
2063 681
4742 1311
3603 4612
2706 1785
3396 2422
4187 3268
4565 85
63 4873
2077 3224
2050 3957
1283 269
2664 3266
665 3816
2122 2593
4866 4267
1782 3564
4587 2456
4997 4591
4465 125
155 483
579 3327
4251 499
2945 2565
729 4734
1928 2244
1615 2896
4855 451
1359 1273
3446 3965
1619 3661
2615 2412
1217 4003
2701 2006
1486 525
963 4697
232 745
4673 2494
436 89
1973 1885
317 3886
2432 768
853 4606
2635 4088
3753 3656
922 4788
1765 3664
3402 256
1349 1100
1705 3973
86 1167
4202 4466
758 258
1142 2458
4133 4800
3038 1052
3593 1922
593 1680
2531 4510
427 2855
2915 4319
3928 3916
3485 4755
2070 225
3838 2768
577 2169
3471 2449
2616 2768
3739 3015
2575 3284
1300 1082
4955 2738
2279 4570
3618 2859
2692 1246
2329 4914
290 106
2504 4311
3224 681
3028 1196
2946 1237
76 4829
3481 2377
2577 3152
514 3292
2580 229
3773 889
3508 1426
3912 898
2982 2559
1501 1607
40 1129
651 4321
4287 2311
3917 154
3880 4718
2127 2538
4788 3569
2857 2967
306 1973
393 3445
3053 4985
1597 2748
3850 3871
3605 3206
2478 2636
3642 2784
4312 2985
275 3731
1255 3646
4322 4780
1997 2893
1928 3942
4501 3166
873 250
481 4395
1443 48
4021 3984
3948 29
2470 2674
4369 1821
3571 3782
2226 2088
1736 2581
4719 2112
2944 602
1679 3080
3038 3291
2432 3635
2267 726
972 2626
4925 155
1638 1378
4107 686
458 56
2924 2472
4964 677
2053 3177
4692 2231
2711 3329
2477 1795
837 2957
1263 1960
3255 4970
3717 3082
2054 3881
2335 2542
2025 4228
2131 3807
258 2448
2138 3993
2925 489
3126 4324
3364 3286
3398 1918
4830 3474
4300 1726
2389 1672
1473 2463
3011 2500
4094 490
1719 3216
198 4201
1589 3255
4350 3753
2413 236
4176 758
1514 4567
1667 3103
793 4173
4108 1
4812 2754
1256 2185
3683 4532
3952 497
988 1607
2035 1925
1545 3190
484 4244
702 102
1927 1472
3566 4911
1720 612
4371 4073
1673 2368
957 3994
3110 1363
1719 2997
4231 799
1696 4496
526 1033
1912 4568
111 3173
3480 1585
595 304
4727 3921
2116 4324
337 4105
4470 2536
2253 2922
3936 470
4503 255
251 691
1761 4706
4694 1303
3082 280
63 3080
2551 485
3101 4281
4607 4566
2484 3723
4143 2346
3683 3824
4354 3851
4865 4987
813 806
4030 976
4873 4398
2332 684
2219 2041
1590 691
1619 1978
4848 3011
1936 4900
4639 1517
1021 2849
2942 1834
3638 3640
1387 3205
316 3133
3622 2770
1712 946
2948 1776
2724 2158
738 1751
2055 3541
977 4491
2764 1912
102 945
506 1385
4744 2229
3304 4977
2186 2598
779 2559
648 1217
1922 4154
3323 2285
2095 1809
4874 2505
2741 4630
631 1550
2810 1707
2493 2423
3616 2584
4976 2066
146 2894
1146 3770
823 3124
3791 4829
317 404
1458 164
4986 4578
4946 2889
3879 1480
3070 1549
1839 2517
2267 1546
2327 4071
1322 988
725 4629
1990 3104
3509 608
198 3314
1051 1361
3544 1697
2284 1661
3747 264
1789 3518
2077 1476
2985 1394
610 616
3074 3986
4401 2732
371 3387
2565 2915
4407 583
258 442
4919 2939
2080 1425
3696 3450
1063 4781
311 2210
110 442
1975 4917
3169 1007
1097 4014
1319 2506
4387 877
932 697
614 544
1458 4898
4205 1121
4182 2844
2547 3282
3967 324
1220 2076
4825 4273
3621 3822
2046 1833
2704 3411
2631 2404
715 1920
1165 4179
889 1258
2310 2718
4015 3985
2885 2477
4505 2555
4028 242
4519 2293
1116 1453
4430 4135
2489 2147
2713 1431
1121 930
2173 717
26 4334
1130 1773
823 2992
4219 2983
2613 4965
1077 4727
3054 3454
1080 1265
1567 3036
2318 3118
1501 996
595 4296
1176 1631
622 2335
1768 1493
337 964
1104 1266
4723 1022
2981 2275
3837 3696
4982 265
3766 626
4287 3748
4786 3563
2261 721
1749 1861
1775 4679
881 4120
3171 3321
3939 3553
4979 1745
3255 856
2793 985
2996 851
4396 2094
3649 126
3831 1200
2853 1802
4684 291
2150 3013
1180 3729
217 662
476 1253
2005 3996
325 762
4749 2447
2336 3596
578 4968
3853 4513
4738 4144
4531 2837
4039 434
283 4291
777 807
425 2252
163 3052
1401 2101
191 1625
374 997
3321 236
3889 1960
228 3232
2650 964
2300 270
4339 148
4451 1351
193 3411
49 3805
3597 535
79 1734
858 4648
2230 3774
867 4056
323 3606
2582 754
1770 3326
4923 3758
4507 1983
4260 3904
712 3574
1283 1770
2173 4815
3815 3517
1837 4390
1023 4065
1335 2448
1977 2307
1046 1992
3868 67
278 1227
1789 1027
371 2654
2567 1656
3651 1188
2891 883
2726 2894
2925 895
826 985
2162 3391
4235 3893
3388 4251
1408 2065
4236 2734
1505 2806
4373 4478
1593 2040
3465 3075
1907 1945
2235 4471
1287 3343
1833 1802
3930 901
1458 4615
3167 272
1464 1301
1976 1118
2027 3020
4063 3264
4926 1767
3645 2570
1791 4001
1679 3168
337 4207
590 32
3234 2003
4219 768
1528 1293
3366 397
325 46
492 964
1883 550
3540 3785
4902 2861
1496 4179
4863 3970
2152 3929
1651 3391
3299 1261
1031 77
4769 2448
3843 2579
1557 4734
2653 4317
4992 4709
4070 4818
4095 3135
887 4569
4379 3137
1204 3494
3341 3834
2830 134
1366 2372
4440 1245
1750 1254
643 11
4274 3545
2178 2350
1619 1706
1388 535
4640 3199
177 1104
1905 4047
4578 2626
2872 4377
3 3841
1101 3374
2448 4396
360 4448
1892 26
3002 205
3332 3485
2288 1588
3911 4101
979 3002
3829 1631
3998 3256
2908 1593
4912 4127
1142 1068
117 3661
1185 562
3603 850
1712 2427
4317 136
1743 258
2605 2100
4236 1833
696 1774
4079 4024
3788 4420
354 4426
1094 794
2742 224
4726 3232
2673 3760
3226 4440
1124 3895
3846 1251
3766 3089
2467 3997
32 2156
3694 403
1275 2411
31 2866
442 4890
660 686
1628 2878
2489 2687
120 2749
4744 554
2953 3188
3877 2894
1463 4881
3768 1962
4547 3257
3164 2484
1907 575
2755 2762
4708 4170
136 1912
2583 2373
1720 515
371 1706
1061 3468
3201 1441
4865 2859
4355 2658
530 1079
2325 839
1572 508
916 1968
3583 554
211 1931
1293 2824
2619 3057
1654 2529
2662 1591
2629 2693
2699 4062
2448 3551
3902 3295
3620 2908
3243 2107
3356 2374
2813 1787
3356 3860
580 608
3765 2218
3526 3950
4071 4532
2755 2022
3733 2158
4398 2668
634 2266
732 1933
852 4751
459 4397
1107 1380
3938 3360
375 1860
4010 1678
229 3598
2302 2651
4764 4317
1760 1010
4278 3188
2028 1309
921 4590
2491 3477
3831 1134
3662 764
487 2805
262 3458
3651 768
889 1412
3448 4922
1754 2816
2887 4801
155 4264
2954 1406
3252 4583
4591 4493
398 150
2787 4659
491 4346
1791 89
4523 1783
2120 3316
2763 60
2641 4347
2951 2516
3888 3824
1186 4029
1928 578
656 711
1625 84
1830 3871
453 2069
921 4104
2482 4132
414 2621
3077 4983
30 4431
4397 4563
5 2762
673 3838
3262 725
2205 2565
436 2692
1136 2424
4818 3495
4684 4097
3472 4929
4132 3664
2246 4915
4103 848
3478 4701
4835 4868
1863 4527
1844 4783
1912 367
1914 2478
364 1272
3683 1912
118 943
4431 675
3341 1260
4793 1924
1894 2922
384 3519
4952 905
3880 4779
1151 944
1143 2827
2018 3049
1630 1325
509 1448
4797 4601
2495 2529
2814 2674
893 2059
1741 4180
3773 4699
858 548
4498 3346
3978 465
3702 1649
313 4319
4872 402
3704 2312
1562 4888
2295 4485
3848 141
702 155
3830 2692
2781 696
4841 1161
3825 1308
1768 1276
4521 3877
3039 1633
4762 4865
1060 877
4398 4436
2801 2373
1613 2487
4270 2951
162 528
3659 1897
1639 2708
3931 2453
4223 4062
734 4109
1831 28
1504 3629
4949 3065
4463 907
865 1607
1569 3821
3325 4249
4762 3268
391 2599
3484 3667
4863 4616
2559 4084
421 4951
2466 1066
210 500
1619 4619
536 4472
1919 183
3484 563
3168 1898
691 1035
4425 121
737 1078
4150 3853
2266 3507
935 3549
4180 287
1865 2887
1192 2579
810 2405
4125 2144
1807 4643
646 2812
4824 3315
2947 4579
3841 2349
251 3853
1805 356
4899 3728
1553 2077
431 2795
4177 2071
3494 4877
3738 4073
4057 1718
1002 1793
1161 2196
3892 4612
3939 2011
2364 1781
3471 240
661 3212
2483 1942
285 2210
2223 3119
1046 478
1992 2158
3769 3585
3521 1754
871 1635
2280 3734
320 1508
3154 2703
3592 1361
2440 281
872 2612
4058 412
2762 3455
750 2475
3172 503
2956 1050
2017 3052
561 1923
2886 1235
1456 1334
2967 3751
426 4420
232 1403
4947 380
631 4039
2105 3763
4361 1829
1460 1980
1142 1724
2954 1683
50 4272
3060 3563
3209 4050
3663 1245
737 350
4950 505
4693 2004
3683 718
2603 2969
509 2912
3727 1612
1954 3877
4077 1534
3030 3293
1584 1686
4075 3803
4243 4411
3318 1832
1926 1808
4499 693
1152 1588
4662 4650
2905 426
587 4176
2577 2756
568 742
2638 1579
4 4881
564 3847
3248 2395
251 2600
1170 44
1808 197
2466 4776
645 2217
3610 4093
3534 685
4202 583
834 4011
267 2737
4791 1427
1334 4774
3597 1983
2343 975
62 3229
2897 1101
2982 2520
339 4930
2605 4847
694 426
2555 3093
3712 4629
590 2755
3361 2773
1827 1032
2285 4061
4866 1494
3238 3173
223 4476
777 76
1047 2548
1892 3749
3175 2297
15 804
2433 505
3978 4397
4503 4280
3870 3067
3085 2252
124 2776
30 4735
3587 2198
782 830
4484 1599
437 2716
3151 1802
2614 2463
2279 410
2173 4907
23 392
1421 2417
4667 447
3864 780
4738 2828
4551 751
21 3879
3928 4544
1719 3485
4779 2951
1594 3986
677 94
3358 820
761 4738
2925 3850
2733 501
4564 175
134 3901
1421 3514
1168 331
3644 4749
3231 261
4883 1157
1975 1585
3208 3884
3228 2682
391 296
756 1718
3445 1167
4278 1910
1618 63
1060 123
1217 3038
2765 2380
556 437
4551 3944
3903 1011
1933 1206
3966 823
3416 4724
3218 1110
396 3661
943 1571
4476 487
3295 1446
424 385
3786 1172
4738 2854
2037 2421
2290 1422
2044 4580
397 3515
4908 2929
1400 656
2538 2994
354 2197
2626 3641
4146 1128
1813 3895
391 821
3156 4586
2938 241
3593 167
4432 3596
813 1295
4288 2590
1092 2554
1318 3853
3211 3172
3289 3573
4446 3562
3208 4269
2413 4013
3856 1964
179 2365
4880 4418
4153 2280
3576 646
2919 3510
4347 4286
1753 3599
520 3507
1799 4658
3249 4741
2486 2426
3451 1369
4782 2036
3071 4108
3369 4001
3823 3197
3321 3939
1492 2679
131 2882
658 3022
4579 1293
3299 2643
824 3955
299 1025
4377 4962
952 2448
4090 2278
4676 1539
1684 794
3987 3539
96 1216
1868 1307
4389 3224
2000 1912
4899 2454
4335 2886
4467 1915
3535 2118
2159 2083
1568 187
2350 4779
2407 4816
188 3916
2618 276
1854 782
4967 714
3465 3299
4462 2123
4091 408
2576 4890
1181 4924
4931 2762
198 2483
999 4463
1967 2453
1031 4956
58 3225
3063 1880
4244 4773
4578 3494
1054 1219
3673 4888
3717 1058
1891 4252
172 3005
42 1812
2697 1048
567 981
1497 4321
1962 3648
4228 1588
3447 1319
197 1619
2653 2558
4887 2422
1046 2864
385 3146
2675 1889
3579 3352
817 3032
3151 2696
4755 2006
2837 3701
2351 2961
3135 3792
2366 2155
658 4100
3148 1096
4156 1240
110 1166
3613 2927
2202 2649
1018 2624
1669 494
26 2405
2269 673
2725 198
3718 1793
4608 4817
828 1655
3935 3016
68 3507
769 4200
1244 1440
3888 2932
2142 1641
3453 2092
3085 4354
1696 3268
3539 4325
2225 4417
801 2117
2371 680
2795 508
93 289
3363 248
3730 827
485 2110
915 1009
52 3098
3083 4604
3855 937
1001 2619
1215 2603
4124 3909
4420 3597
1833 4328
2252 3886
1508 1218
3831 4158
1989 4098
85 1041
15 2287
3374 2382
4873 1522
1796 866
1402 2021
4236 4587
3080 1904
929 4749
4906 1969
3306 4041
1798 437
1625 598
976 3435
1743 4455
3295 1822
4314 466
2834 4395
2881 3252
654 4372
2665 1516
2092 1109
2274 1499
207 2548
2033 4880
3933 1590
1492 1484
2874 2622
2798 4422
686 3436
3093 4557
253 375
3328 1172
912 1725
3725 1239
4484 1194
4972 2040
3489 3917
1445 756
3066 3018
37 3148
3854 1201
4077 1423
3887 3524
169 402
1190 4920
2978 1017
924 2540
1905 2734
4413 1642
2519 2223
3494 1786
867 2236
698 1987
3181 2879
663 15
2609 4521
523 831
1636 1066
3285 1351
1621 699
1086 1362
4055 4751
1860 803
2380 4491
3408 3693
3658 4007
1095 2674
469 3700
4224 2379
2389 2842
696 1586
2390 1578
3607 1298
3555 129
1150 2469
1560 4773
3479 1593
1294 2628
3932 1467
646 2102
2826 4921
4565 2729
547 4829
3548 864
4479 49
2514 2795
3110 3263
538 1645
3406 4440
442 4450
1555 4049
363 4075
1008 757
4229 1403
1447 689
734 3491
1053 4127
3372 4895
2305 2837
2731 4183
4366 1787
960 3197
157 4367
366 2618
211 3621
2750 1607
4191 2045
383 2542
4559 3
3398 2774
4012 1927
169 3708
4720 4514
1131 2430
2899 266
1783 882
4968 461
1370 874
3761 4245
738 1897
3832 1852
4721 2412
2520 1389
1124 568
1780 4912
890 795
596 2228
4894 2420
2589 3581
2617 2002
3323 1566
1935 3128
939 2518
3508 1610
168 547
2112 1784
4146 1735
4211 1777
4836 87
1299 3390
3874 811
4857 1000
4048 952
4506 1302
394 3577
338 1835
2001 4589
4522 2017
2824 4593
2528 2905
2454 2403
215 4512
953 2049
3269 3828
1738 1120
3682 2133
729 1959
1373 3838
2679 892
2634 741
1425 254
1782 629
3836 1976
1028 3260
323 2019
1690 1048
3403 667
3671 2445
3966 3280
1226 3527
1636 1110
4416 259
2822 4264
1970 286
424 3917
1231 4550
4198 1780
4702 4975
2823 3001
3318 4884
1150 1877
3743 15
3742 3695
2396 4347
2221 1197
2050 2366
1118 409
4026 873
4444 4731
3229 2532
3073 4626
637 4480
3 2255
39 2487
2512 2586
166 3348
1517 1452
4002 1860
3888 2183
4680 2989
4246 2051
2761 1976
2051 4410
169 3921
4035 4004
2890 3812
574 1739
1043 3268
2593 1304
4058 260
120 4654
4941 4949
3553 3625
1222 3098
2471 4772
1998 2167
3915 1426
3153 3215
3845 3571
3829 3408
341 3822
1268 1318
1799 3428
1682 878
4554 4921
2454 211
315 180
4678 3958
1294 1641
2577 4363
1459 1044
3227 1865
1357 1163
3459 4136
3405 3538
2776 3145
2510 1946
2031 1871
2021 3878
1866 1628
2192 3898
496 4031
4144 3494
1053 2749
3829 4603
876 3126
4075 3578
4210 4419
4447 1031
1180 3312
301 2495
2322 4415
3529 4217
1606 150
3354 2318
4743 3276
707 3292
134 1723
3257 413
3707 3141
4880 357
3704 1644
1596 976
2639 119
2032 1072
3646 2129
4956 532
4563 4188
1234 213
2138 1691
1337 4697
1025 3435
4558 3656
3741 3663
1238 2119
1962 3260
3628 2794
4943 2498
2260 1164
2330 1659
2209 4120
47 1889
4160 136
3187 4324
3252 4494
3072 1225
3671 197
4018 307
4343 4747
1633 4927
4034 2040
562 1719
4354 4012
1876 2869
2788 3845
2894 1815
3177 4971
4579 2610
2741 2005
2133 35
189 1437
3080 198
1312 2370
487 4344
4292 3908
4011 3348
4629 2915
3829 4826
3931 1336
2055 641
973 449
262 387
4914 2256
729 3385
4739 2792
4261 2843
1279 225
1583 1822
218 1002
4027 433
4366 3153
4696 2803
4109 1187
4920 3295
2710 728
1605 1973
1322 1633
149 1716
1878 348
2380 1305
3421 2636
3977 292
2983 4792
4442 2446
775 125
4623 845
4456 2952
2852 4129
3189 4693
1511 2653
3663 432
921 4850
1900 3553
3099 419
4054 973
3061 2632
3013 427
1524 2438
630 2012
4596 692
4969 1711
644 992
1832 4751
3717 4412
1432 1500
2529 2425
4896 964
1884 2667
1260 4541
4053 1668
3938 846
3711 127
3477 3170
3555 3011
4390 2835
3053 3292
2378 195
4023 3647
4431 4187
572 2253
1351 288
2789 4220
431 3874
3895 2257
4159 2134
4598 1229
2466 812
127 832
3281 4127
2894 1774
2194 1636
1826 2138
2151 2041
2223 4405
471 715
1758 450
1910 1992
622 4720
3584 638
182 3457
586 1859
2513 2317
4568 2490
2481 4042
2482 2258
4249 1047
1362 3064
3906 392
4232 2602
3295 1144
2157 701
436 953
1793 654
3229 4720
3523 114
1424 2154
702 79
824 1734
3921 3948
1672 770
4400 251
4635 4364
1591 1732
2419 4274
4404 4365
4980 558
20 1879
3142 422
1326 4680
4317 1497
3512 1229
3201 4830
3571 3828
3759 3683
2262 464
1611 2036
4813 3436
901 2567
4788 5
4488 3247
3409 4061
1766 1469
593 1844
4668 2980
4602 4258
1363 4790
2165 2532
2341 454
2807 3202
1993 3861
4228 4909
3288 3195
4162 115
4159 2538
518 4645
1561 3909
587 4809
4536 4365
3591 3949
1891 3402
3506 625
1907 4489
1760 522
3753 3944
3578 3165
4312 1106
4277 1299
3426 3180
4658 2685
4367 640
4942 1642
1707 3531
3909 258
4995 4483
381 4148
181 3135
1974 539
4342 4429
1204 263
1716 182
3766 1265
3191 4034
3684 288
1747 3569
1878 4484
3069 3707
4199 1981
4137 3137
4326 481
2355 4175
2815 2146
1736 1086
3026 1467
542 563
1807 1213
3461 4497
3334 4983
676 1149
1417 3309
1309 326
1004 4938
4708 1812
1730 1286
4266 3048
3366 767
244 1814
4885 4414
2815 630
890 2410
274 4674
2252 2380
241 4912
248 533
1202 652
4556 691
2755 1992
2265 4058
4426 454
4834 4902
4644 3548
4155 2909
1660 1957
1919 4116
4136 1992
1897 2735
814 3031
2077 1488
1939 1302
4765 1205
4063 116
3364 4934
4063 3475
3759 3801
4513 580
3933 3543
4837 1564
4295 2992
4209 3339
2465 702
1826 1126
1729 3102
2992 2569
882 702
487 2126
3322 2720
1569 1210
3399 2116
3858 4165
1638 3335
1572 4331
282 1294
4708 4966
1486 2712
2368 1880
1911 3498
3508 2652
343 221
3636 1087
4402 1287
3321 1802
2703 3562
3043 2380
2217 983
3371 4309
3445 1172
4605 14
4415 853
4874 3434
3401 2955
4019 4457
2114 4702
1525 3014
4728 1619
2362 1778
2511 603
1362 1489
4530 1244
1844 4490
1104 3228
4008 3024
3101 3266
3112 4955
258 4420
1920 4133
2529 1757
4594 1722
3835 329
4738 2514
4225 4920
786 1243
1554 3485
2565 2449
480 3312
1396 2901
3334 667
3312 4044
1398 3349
2585 377
1279 4228
3368 608
3928 3025
276 4184
456 554
58 4689
3723 436
279 1843
1439 200
3556 1098
459 4594
1844 4069
3343 572
3080 3927
4632 4197
4484 2762
3190 4678
996 180
4487 805
1207 5000
1580 730
2765 2745
2546 757
4338 2534
4425 4573
3419 2388
4646 595
399 2462
4341 2654
2274 683
2126 1342
1341 1389
3030 4914
2195 3208
4186 1167
2545 169
2 1807
3747 3000
1329 9
1140 3756
1789 4312
1703 994
420 1590
925 2336
2818 2336
1442 3535
355 4712
2632 3634
3982 728
1117 3161
2347 2494
902 1007
2980 4129
2045 2439
4795 2398
136 4723
4770 2136
985 2097
1902 4531
867 2021
1245 197
393 1416
1093 2367
249 1710
3865 4163
3615 3537
2708 1955
2081 4611
2514 4912
4230 4518
4758 2923
4095 3603
3704 743
808 3149
1229 1863
2285 1344
3389 3386
2559 4655
2888 2014
2602 1880
408 2940
2243 3968
4464 523
2208 2051
2062 1960
4919 2831
4559 173
273 968
1637 3651
2433 1012
2617 3539
4375 825
3580 3294
4099 1944
2728 2838
4708 1810
2079 455
4208 3585
2724 3595
442 2407
4487 1046
4733 2304
391 2766
4698 4967
2112 63
4748 2957
4700 1991
64 2648
3844 2300
232 1168
58 1526
4165 669
3229 3081
1658 3606
3203 1860
1883 2248
3107 3495
4903 4314
4510 3497
1030 5
3257 4574
1549 2490
3320 3485
3128 4396
4214 33
1174 1689
1268 4502
3349 4903
2387 2849
4774 4804
4483 1708
3414 2816
1580 3119
2075 936
2443 3794
586 4560
102 2298
1099 3292
1893 3124
4244 4433
1233 1703
3269 2117
4051 711
1787 2103
3041 2055
2243 4120
2409 66
2807 249
1081 97
2585 2833
3770 1858
3381 3306
257 3745
1909 3474
3113 1388
2488 4206
2615 3148
3344 1588
2331 1303
1678 937
2915 3343
14 3833
3341 2163
336 4452
3188 2308
4740 3195
2429 1590
4032 543
1964 2790
662 40
553 3174
2625 3661
3718 3660
1720 562
375 1564
1764 1579
4088 4714
1133 1750
3670 2423
2098 2253
3455 3716
3506 359
2406 2459
2252 2549
2249 2040
2762 197
2784 673
4995 926
1159 3793
1485 3412
3492 4011
1937 2150
3271 1553
3066 4040
2052 3550
4244 1594
3747 1669
2310 867
1454 2482
1069 4113
3533 4326
2066 75
3245 4036
2176 378
3064 1934
3603 3227
4107 4240
1317 616
4020 2168
4840 143
638 4724
1214 2885
4301 669
1606 897
165 3811
2992 2937
679 281
4915 151
4058 1992
2242 1443
2522 154
4721 332
2597 372
2592 2809
3287 1014
3630 1104
1521 587
4916 3596
2037 617
4492 3201
4651 102
2719 683
3056 4652
1747 1871
18 2575
436 2702
281 3653
3010 2203
1475 153
4245 3828
2189 4835
1612 130
198 3348
3473 495
2856 4459
4618 1767
3570 279
2639 4027
1904 4448
2448 1607
2982 431
4590 2575
4513 4306
3632 3519
924 4279
4947 4167
4869 3897
3159 3048
4553 4233
4099 3451
1206 3699
2617 2970
2292 1805
1064 4210
3760 3174
4100 520
2983 4859
1198 25
2170 3417
1731 1755
3180 4952
2158 736
1766 1424
3856 1996
724 3320
1528 310
2405 4210
3343 27
1882 1858
3475 2839
2423 2055
4476 4181
2932 3891
3378 3813
2340 2313
4066 486
4290 1280
1794 3553
896 2371
1149 3347
1630 472
3386 529
3875 4883
4611 3606
2928 287
2188 4207
2137 532
1692 3872
1672 1154
3621 4572
2615 1576
2996 459
1885 1608
2858 4145
3504 1014
3706 256
2602 2007
4481 3785
4658 994
1802 4257
3770 1620
1963 3592
1261 328
2444 3256
3466 1818
3904 2262
2432 958
4326 2467
4311 3493
2681 4586
4958 4721
126 1426
1047 1004
1404 2509
4450 3256
3902 3106
1228 4482
162 4546
1589 2795
4386 2240
3144 2613
4876 304
409 2071
4274 4517
4914 3295
423 3773
245 192
1717 4276
340 3602
1626 141
3119 1273
3199 3351
543 403
4860 4869
1012 92
783 4113
1107 1091
1840 1576
297 2494
3204 3307
1738 4105
3982 3365
4114 853
4155 2179
4028 1334
3826 4728
2925 3419
870 55
3090 489
4176 190
3698 2511
1850 1976
4988 2571
349 3696
1563 3627
1083 4197
4376 1883
1718 923
3086 3989
1255 3414
3217 2246
2820 2329
1533 3188
304 2832
4005 3033
3458 2096
1660 4803
1979 2724
4172 41
1766 3937
2124 3594
2947 2637
3339 4539
2628 4647
2024 4454
2695 1747
2262 3424
4484 4311
3050 358
1431 3754
4175 4796
1455 4053
4716 655
1232 3754
2541 3584
2131 3995
1308 436
3782 3
3520 3360
487 157
2771 4130
4644 249
4277 659
1829 577
501 2685
3986 1991
1859 38
3736 4727
408 955
376 1435
859 3841
2387 668
518 3370
1182 3349
1054 2423
3691 3307
2110 3709
152 238
1162 2091
3438 4370
2773 1949
4025 2959
2880 3814
2124 337
2501 4610
3502 4471
4067 2584
2299 162
2479 1459
4852 4707
3843 581
3835 3220
4058 2184
1915 3706
842 4782
3685 3427
593 1859
787 1393
923 2005
2812 3115
3297 847
3284 1184
1313 3951
2455 4086
2593 4065
3363 3119
61 1308
4053 590
2806 1208
2840 3147
1116 4644
3661 3377
3295 104
3430 875
2785 4545
1817 855
2037 4625
3483 152
928 4293
4513 3322
4484 2644
2379 2445
1288 4396
3614 2279
1559 769
1597 4284
4137 2409
934 2407
4691 2107
2300 4758
1278 4192
3340 3544
4376 806
4166 3791
1802 963
2059 4390
2577 2370
1699 2089
4131 176
2040 2423
1113 439
1417 4495
1857 305
393 1396
943 306
2093 1577
1935 1209
909 974
1668 2574
2736 1579
552 3576
2872 4254
3824 4304
4421 3034
67 2459
4802 2538
2230 862
4995 191
2905 3364
796 3081
2958 4679
3301 4615
2392 1740
2277 4193
4576 3148
530 3450
2563 3324
1360 4004
18 4168
3915 1207
3740 4832
3271 3907
4297 3161
1587 3149
1039 1548
2057 371
847 3044
2804 4318
1569 1155
4587 312
4195 1667
1561 4939
710 789
500 1704
450 1902
2955 3776
223 4787
2649 703
2712 794
573 418
523 4444
1695 1771
2981 1403
117 4393
2821 3091
536 2388
4136 1127
946 1504
2831 271
3326 4311
729 2984
4013 4642
2657 2825
1962 273
3583 2462
2877 1169
1709 806
98 798
1836 4449
4959 2056
834 1191
2900 3512
1491 2279
4785 4103
4833 2341
2777 1950
1803 2703
2683 537
2424 4044
888 2326
4276 1719
4538 1297
150 4568
2091 3724
4838 3183
4582 4592
708 2329
1485 1792
1891 3277
329 4051
1881 2206
3442 2385
2252 2385
1958 1213
1474 4196
36 1609
1459 4560
4757 1999
453 2890
1685 3242
4684 1037
4511 2285
3321 1063
433 4762
3420 2784
1358 873
3818 2399
1066 3593
970 155
2056 4513
1393 287
3250 1733
878 2418
2213 4921
1776 4412
2173 4081
2111 193
2121 2478
4535 361
3720 831
2045 3119
4904 955
1941 670
3582 3754
4817 4333
1036 2529
4219 4394
2174 3754
3431 4117
4771 557
2773 4016
4323 1520
3905 580
4802 3974
4926 2941
969 2336
4077 2214
288 4253
2358 1714
2329 3522
3228 442
4404 1672
866 4763
4733 3248
3392 4101
178 1382
2782 2706
4897 291
491 3955
4979 3192
3401 3801
1293 3718
4523 2844
1095 4283
3084 3384
1425 4207
4108 1984
2599 1913
2495 766
1423 95
4219 4979
2679 632
1833 4352
4606 2514
3279 2408
3128 4061
211 2879
1840 1986
4227 1265
1234 4606
513 4677
2594 505
4426 1701
766 2968
2905 344
3011 642
2935 1617
1156 1293
456 1793
1208 502
4203 4142
2918 585
849 1551
3585 2472
1542 4129
3078 4491
2283 2893
3404 2511
702 1375
4864 27
4592 829
1956 4662
3730 3085
4021 3108
3397 1526
1573 63
3417 3371
2964 2361
400 2306
1059 3816
3726 4869
49 985
2474 2426
449 373
3234 4846
4602 2123
743 3609
2072 1034
2476 3500
4189 197
53 2891
4414 564
2143 1902
1452 3608
4662 904
3593 4445
1128 4967
449 355
2234 3749
3516 1616
1204 2918
2448 4688
2253 1189
994 800
3467 2067
36 3922
4715 4893
2086 4448
4078 4350
4156 1903
2707 2841
3183 1267
2836 1376
2037 4470
4609 2473
2381 1999
4551 3330
3753 2706
1870 2538
1630 196
1653 4059
4721 3363
4239 1021
784 4282
3397 3589
3263 2028
1285 772
4260 405
1843 1576
141 4644
4506 2976
3526 2921
319 3123
4155 4148
2483 1666
2138 621
2865 2414
2088 2566
3853 258
806 2646
1761 4795
3332 4087
1355 691
3206 2943
3602 3064
2253 541
249 647
2727 3275
4101 3844
3364 3737
2409 237
1478 771
2036 99
4148 3208
1653 4416
3195 3551
1014 1288
1922 2927
4308 11
1577 4152
1422 4276
2167 4440
1771 3581
3936 3732
1319 588
3072 936
2778 3054
2280 3486
119 1139
2380 4468
3506 4798
2654 814
2266 1545
4148 1041
374 3971
3059 1088
2052 4820
2762 3435
4577 2388
3007 563
3462 943
2222 541
1320 748
1498 921
295 1423
1589 2328
3765 1258
4268 45
3030 1835
1889 129
2016 951
1133 3893
3339 4120
327 416
4498 4128
2405 2412
4916 4486
4695 4988
4095 687
4389 2974
370 3808
2089 3400
4708 489
479 1504
3975 111
4824 377
1456 4255
3960 4554
215 4494
1800 1790
777 3934
744 164
3874 2791
3256 2422
4840 2431
1785 1252
3544 1625
3494 4476
1725 720
243 1892
3934 3867
519 1234
1061 3567
1466 3085
1636 4851
2628 1701
2948 2189
4913 4896
87 1573
3384 2172
1923 684
2703 3590
2816 4881
4407 214
2676 730
1947 1116
2049 2775
1532 355
4088 3298
2511 4449
4151 3596
303 745
184 3623
1671 1111
2339 119
4208 1713
3246 444
4320 3158
787 3193
3453 1509
1786 440
3863 4309
1506 1700
761 2227
1216 2952
3144 694
3309 4562
3928 4824
241 3605
4068 2011
3723 2276
1987 2579
4905 3894
2315 3808
846 2402
4405 2848
3528 938
3017 1742
4930 3058
13 1876
2399 4291
3842 464
1811 590
3674 331
2560 4250
3014 903
1396 1899
3141 4906
1326 2139
1761 3214
269 1069
834 3778
2827 4611
963 4935
201 3334
4686 433
1685 337
4183 2426
1244 231
795 802
877 4144
2615 4099
2188 2763
219 1267
4161 1435
3188 2570
459 139
3586 2220
1271 4824
4420 3334
1882 4853
2052 4856
4599 3902
4450 368
1024 4601
3634 433
795 467
2457 729
2686 2504
4576 4978
4140 2889
4251 172
643 3579
4983 4945
696 1278
2708 3557
766 965
4299 3650
2434 1386
3387 4288
4243 3235
1607 2333
543 4458
3255 1353
3096 1762
3679 405
981 3179
4403 1623
4761 2582
3236 3940
3750 2716
2120 15
4937 4168
2048 1346
2950 3030
294 1847
3441 4518
806 1628
2057 2259
1062 3990
4782 4601
203 750
3363 337
1351 641
4148 4349
4395 985
1114 2161
4461 4681
2255 4074
4213 4685
779 3162
334 750
2032 4544
3614 2181
4736 2603
4420 507
1367 1600
1257 4261
3600 2978
1505 4873
2362 1319
3575 2891
773 2151
685 3251
4473 1669
3770 4869
1752 3655
4981 2772
1364 1291
3918 2340
2915 3303
4396 2450
2979 4386
1646 4583
3431 2167
2346 3722
52 1870
2164 4888
4774 2524
106 4948
2414 1869
2172 131
4126 2139
4315 955
4122 4032
233 1416
2465 216
4241 1409
4371 4204
2592 2762
3293 128
2033 1617
3453 2912
1483 973
3252 3739
1182 3116
928 3607
894 4435
4745 3843
2598 2293
1592 357
1634 2583
3466 1889
2157 4899
1623 3212
4543 287
2336 127
1657 4995
1096 435
2517 1288
1834 840
2321 3080
79 3818
3286 2324
2775 2963
2270 4649
2492 270
1836 3829
2909 4936
298 508
3896 3663
1367 1774
3865 1689
1743 4762
4726 2281
1887 396
3093 3696
1368 441
2999 2243
3651 1244
899 3938
2280 1285
3920 2188
4754 4489
2237 284
3375 3689
4711 2531
473 2015
1710 2530
2552 3708
4650 580
4275 1839
935 3229
2608 4133
3712 4370
4473 385
3337 4835
1638 3313
1338 1174
1465 4077
3532 296
3473 1671
1519 4477
3731 1239
3642 226
854 2291
1366 4513
2116 3341
2301 750
1464 72
1118 1449
4840 1801
3158 1015
3822 1006
4561 4313
2647 2016
4189 1095
1874 4329
1185 3655
1733 3650
2329 1212
1293 2794
400 4871
2550 3300
3992 2987
916 994
3081 818
3930 2469
618 1978
351 1031
2821 3289
3707 907
1431 1570
2555 4588
4500 3197
4189 2533
4571 1536
4140 1144
4859 1098
2588 1147
1275 2885
3947 4905
1701 1495
2078 1204
3499 2120
1438 1882
4999 3405
4663 3216
1323 2582
4711 3654
2060 4397
2561 4994
4085 337
3965 4388
1241 3552
4517 160
4907 3536
1400 2972
3296 1534
2008 3853
3283 938
3757 152
1275 2496
3067 4876
1140 4648
2876 4221
3411 4276
2885 3763
3003 1543
1222 3134
688 418
4690 3976
751 4989
1398 462
1824 3940
2577 2762
172 2345
1457 2655
3414 2451
2333 3727
4803 368
3378 1727
1016 3293
2030 2929
3251 3412
322 2626
3591 1851
4149 4213
202 3496
3486 1486
4482 4219
2159 3760
2334 4738
3597 206
3588 3486
1105 2314
3446 1506
2124 4123
1920 2286
3829 947
3487 4845
1672 3419
2021 2642
4095 4922
1223 4635
302 575
3439 2397
3488 595
4846 230
924 2323
249 1032
2133 1250
4281 986
2620 4306
4440 3143
2302 1845
4471 137
4596 580
1204 2983
433 148
4178 221
2677 4027
1475 1864
2779 1145
2999 4298
3363 2337
4042 4742
4032 1569
3812 1457
262 4994
142 3378
2118 2007
2917 742
3012 1777
3319 1143
636 3948
4996 2894
5 3899
4596 2977
4271 3473
3703 2631
3102 4005
794 158
304 2141
2572 4867
1340 1656
3551 4689
690 3753
2566 4651
3486 4382
2544 3584
3341 3517
908 2219
4873 4155
4194 4594
570 211
1574 760
3899 4799
2688 3716
1980 4216
1375 2599
256 1200
1387 1910
3923 4165
2895 2905
4914 549
3069 1570
3739 3185
3677 2599
3233 1854
563 162
1577 2043
654 3512
3430 4573
382 1331
534 2088
569 1054
3354 3404
108 950
982 40
2744 3672
4948 1424
3066 2699
2202 4144
3310 3018
3917 3258
4948 2254
2306 2628
4023 426
3398 4845
1593 345
984 3426
2514 1743
1180 1174
3862 1362
1286 2405
4437 177
2021 3184
512 4870
3611 1065
3926 1472
3672 4080
2043 2273
2622 3200
3945 929
572 2264
2412 3798
974 2204
4372 3095
1143 2982
142 2034
815 2203
4077 1187
3319 2082
3657 3081
3259 854
3439 605
4882 2679
4725 2779
1750 4077
865 1177
670 177
3547 2351
183 2962
1999 1423
3153 2466
1108 2758
697 2973
4027 1825
4613 691
3122 3114
197 4197
3249 1812
3829 25
4218 1551
4716 4751
2062 1262
3718 2101
838 3196
611 876
4980 1880
2251 175
4724 914
1286 2358
656 411
4441 4122
1847 271
3587 4987
1163 4193
622 2228
438 2537
838 4022
3207 4793
4659 1487
4392 3494
3800 2616
4082 931
4771 622
2404 1253
2841 3275
2680 1080
798 3261
1293 3666
1033 1392
4195 4608
1574 756
545 1403
3543 3155
3872 2965
1337 3690
1075 2939
3370 2930
3668 3055
2215 642
579 4547
2774 637
1788 1843
1201 155
4494 4581
2443 1916
4137 2099
2185 442
1730 3383
1850 2064
1873 3822
4098 1236
3276 2066
1916 746
123 2510
2266 3624
4648 657
4395 2140
3410 2627
2505 4847
2166 3864
3681 3032
1593 607
4383 2428
2122 424
2864 2617
4777 1042
4716 1115
3244 4590
3871 292
2446 1685
4205 739
3494 2739
3873 2428
2822 1343
1951 2530
4526 3148
998 3929
1607 393
123 538
4802 2667
2800 4579
966 4040
6 4682
3246 3378
3501 1537
674 1661
584 4207
3601 2997
3654 4549
246 304
2750 2606
503 379
1856 3477
865 4374
4849 1978
4726 4075
1200 1118
1392 3152
4568 4131
2879 4000
1710 1410
4805 2165
2944 2829
2217 3462
2832 1374
3605 93
4276 2300
1128 1289
3691 230
4501 3158
3615 1753
705 2515
2477 2210
2278 4766
909 2380
2412 4039
585 2640
2654 521
4011 208
2376 635
3018 903
1890 4607
819 4134
3812 2319
1831 1645
2186 138
1281 4272
2591 3384
1833 3013
3140 4663
977 559
2762 1031
4385 2534
847 4473
3678 2835
241 3603
4998 3241
2595 2958
4681 820
3413 4455
617 654
589 4732
1981 946
2073 4009
4305 4882
2949 3054
3384 4713
757 3744
710 4762
3006 3887
4574 913
3703 3872
2125 4155
3860 1377
3342 2795
833 2976
463 4078
1762 3442
1073 2303
870 3037
3244 4411
2868 4308
1734 4423
443 3753
54 3839
4958 4256
4061 2042
2948 1339
2723 3252
2586 4894
409 308
634 4703
4998 1537
4908 4429
475 768
4398 2354
873 4135
3294 4076
1318 3723
70 3526
1433 4155
3170 4115
3885 2007
3032 2587
3528 1888
4563 1767
3629 4352
3013 362
481 4417
2657 1418
2875 2434
2640 2987
1773 4968
79 1320
4718 4475
3086 2623
4963 2409
159 882
2739 1804
3864 4519
1224 342
259 1413
3900 1774
571 1123
2790 183
4140 1470
797 4445
4444 4617
2911 1509
4206 1936
1353 3672
4636 4056
3673 3176
1065 4548
4932 4319
2902 2472
4356 1287
3731 2330
2419 1249
4572 1242
211 3011
4302 2490
3877 187
4107 4988
4185 4272
3685 1220
337 4031
598 4856
4053 4478
2004 4394
2575 4756
273 3623
46 2153
371 385
3799 4674
2441 2172
3183 4021
3042 2591
8 1687
4634 3710
3615 2212
4950 1462
49 91
1682 2635
2046 1074
2705 2802
2192 3723
4102 2240
3357 2876
4895 1602
4070 3364
2514 1976
3359 4082
3561 4045
1571 4880
2083 4942
1683 2159
599 1878
420 1769
3526 3054
2721 3802
1327 910
2659 2298
2138 437
2136 61
2831 2915
1248 964
73 4866
4660 2757
3062 3551
1923 1917
1902 4559
3175 261
63 3046
1230 1174
2670 875
1547 998
2042 3394
3930 437
1544 4120
566 220
3782 2648
2936 4304
4137 3745
1940 3504
396 643
4194 2553
4175 2880
4330 1719
2735 3345
2865 3398
2317 2192
3555 4888
2287 4832
627 4834
1623 3062
624 4037
1649 4482
2015 286
3656 4674
353 1244
941 2278
2899 4143
3724 3167
4361 2538
197 3648
2051 1486
1523 3053
4032 426
4666 1512
3488 3849
2585 2904
1881 2407
2211 462
3634 2442
4592 4943
2856 1336
3951 3356
1054 1506
2862 1273
1090 1341
3029 3758
12 2748
1106 1797
2738 2601
3546 3873
235 3075
586 1627
241 2336
1719 2361
1545 3777
759 3715
1802 627
3153 3832
4355 660
1552 2664
966 606
2313 2681
4394 1477
179 1844
1522 529
1595 2186
304 4762
157 3991
1547 1799
1009 2495
873 3781
1961 4148
4653 1949
1841 197
4615 1047
3462 3275
4056 3810
3669 4399
2929 3216
3041 2835
1585 3962
4910 2128
3529 2326
2489 2566
4953 4734
1202 3109
1585 3
2195 799
4506 1779
2007 4765
3707 393
3631 1516
2293 1031
1019 3369
1104 1994
4561 1397
3367 4347
613 4513
3418 4144
782 2385
3909 2040
3930 4300
3597 4022
3797 80
1743 4724
1039 523
2189 2867
1828 1348
4132 3802
293 4528
4145 2095
4602 3943
80 3054
2982 2344
1057 3177
1088 1017
3554 627
4708 3444
1284 296
4623 4540
2639 2979
1468 217
318 1979
1451 4535
1819 34
1478 1237
2712 3988
3964 4354
1578 2845
3782 3114
3098 3640
1912 1460
1652 2104
2350 1895
4707 4641
794 4794
4351 4911
4710 997
1641 763
1333 778
3785 2640
41 1692
2482 1594
3317 4687
4474 2529
3924 1562
1436 1516
114 3631
3297 3308
3723 83
148 388
2847 2751
2090 2748
4449 1428
4247 2565
4037 3490
3415 2574
4722 3887
1582 2144
3940 3321
820 3739
1111 3341
1362 1435
2408 3500
3494 1275
3610 2806
2817 2593
951 1840
1017 3270
3321 1681
3081 1777
666 1319
3292 4238
700 3795
2084 4228
2879 2397
3481 1590
4798 1797
3076 4705
4499 1569
2971 2303
4912 949
2804 1186
566 4560
4603 4858
4622 2381
3626 4267
2005 2077
1721 3035
259 3339
4319 4840
3505 2948
1348 4574
4923 573
2669 188
4147 2459
2759 2776
4995 1732
2239 4738
59 2990
1125 3090
1742 4595
3608 1293
3500 3790
4784 3019
4644 4476
3008 3001
2584 1093
2497 450
2872 2499
3222 2776
1262 964
1077 4263
972 4337
1371 225
2148 2464
1551 4042
4883 1368
4974 1852
4888 1903
4974 1277
1572 2714
1561 71
2786 426
4540 2481
19 1415
4914 3494
1379 2466
3102 4195
114 2508
4448 335
2383 1587
3494 4241
3668 1932
1765 2747
2717 3623
76 2879
3023 573
1030 163
81 2531
2024 300
2472 3026
2370 4294
3131 2779
247 4993
940 128
1168 3656
576 217
4784 3953
1835 2132
2968 565
3676 441
1711 830
4665 1444
4421 5
2224 1633
2480 4437
1585 4878
1902 1650
3285 597
4376 1970
959 4062
3652 56
4340 4390
2661 4060
470 3828
2206 2400
1440 716
2068 1551
3079 348
1443 2412
244 4553
3820 3939
1630 1853
665 2579
583 111
4767 1572
2185 3508
2948 3840
3941 2975
2024 4865
998 321
3913 3822
871 2133
2656 3783
1543 3119
4990 52
3626 2009
4362 3718
3714 332
2409 4572
1 1169
479 2914
2153 2338
445 4480
3445 2020
2913 4551
2203 2032
2039 1619
1953 4121
430 4092
4920 4452
803 3607
2243 258
1274 2685
4159 2260
3054 1450
4614 4724
4243 3272
1563 1132
2421 3333
4453 1406
362 4477
2945 3278
4808 2940
1538 67
1368 109
2464 4237
439 3755
1636 3963
4330 2700
4561 2579
4869 4210
4460 1081
4024 3970
3046 755
2683 2171
786 4889
4561 4494
2095 3927
4090 1855
1239 4585
1224 3106
2982 4627
2719 995
3637 4076
3784 3934
2314 543
1715 2244
735 2426
592 1855
4046 3374
1826 2543
2494 486
520 2523
4110 125
1011 2950
4647 1842
3133 4952
4666 3539
4409 3435
76 4631
4538 1169
4321 3127
1655 603
2719 3469
1420 2235
4560 741
209 4645
2366 3603
467 4986
4146 4881
4171 4600
1982 3382
1070 3007
4065 1490
2066 1190
4824 889
3733 3705
2090 1883
284 2055
4327 1066
4831 4671
2260 3094
2808 4494
2880 3873
3525 2007
346 2133
915 1694
3919 1994
1182 2029
1607 3621
4846 2251
1074 1510
2804 3402
4395 3819
889 942
4060 1702
4141 4650
4354 4657
3504 870
1725 750
1314 3114
2726 809
1687 3274
2967 1576
3066 1122
2286 4026
3492 3969
3219 1252
4317 3382
3656 4928
1081 1170
1896 3527
350 4924
2920 4401
2876 3213
1647 3333
3273 4644
2648 2220
489 3621
3925 2555
1551 4774
1472 1670
2915 993
2630 3182
3566 531
3455 4675
1281 4040
4986 267
1102 468
2038 1312
3614 1992
2537 697
4995 743
3723 2393
924 396
1987 2910
3893 4843
3902 3695
2603 3121
602 1861
1607 1357
2450 2694
1121 2883
1388 2597
4873 866
555 978
937 1174
3546 516
2391 2533
1092 4649
2468 731
4806 2028
4954 3041
133 2357
1097 4996
1520 2880
1541 4108
398 4043
651 1740
4506 919
3980 4973
3780 1848
1513 1848
1675 2880
245 3954
2401 4606
4999 482
258 2278
3848 4759
1936 1761
759 1287
2671 4006
2671 3163
3050 2110
44 1945
2266 4912
3816 4811
230 1992
2373 4142
695 4219
3874 2656
3378 2671
56 4357
4842 584
319 3160
2300 1503
1159 2232
4918 4779
4566 4513
1802 1327
3377 3470
2461 1962
3861 2518
4003 2514
2871 3449
1584 706
1607 4903
3519 3597
4428 1587
2131 911
978 3477
1972 3517
1537 2962
2367 1066
2150 1051
4867 4175
4960 2623
2758 3119
738 2463
1756 3447
3695 3692
364 1772
4038 1373
2616 10
4874 2507
17 1718
3199 4143
2622 1200
1839 2799
3494 3529
75 1581
4822 4272
222 1919
3391 426
1938 3738
3365 1527
3264 88
3500 4159
1693 4621
62 1632
469 3566
2380 673
2154 364
4940 944
3027 1735
1268 2515
1737 2419
3683 2755
2087 449
4286 2250
537 1039
1107 4237
1140 2215
3011 2494
3373 1630
785 4967
474 842
408 1245
848 2604
1861 3381
4332 1128
3906 765
2598 619
816 106
1149 1911
4077 1
4268 3585
4390 927
431 2472
710 4037
3147 4879
1918 191
3375 3136
4889 1180
3076 3065
3571 4033
4476 1928
1594 3829
1054 879
171 2980
1412 615
2579 3228
1535 2287
2843 3513
2603 1640
642 3432
2663 2762
1102 3847
2873 4426
2751 2532
1026 1975
4332 3866
3271 3379
508 1123
1742 3643
3967 744
610 2835
4569 3494
4190 1574
1917 4984
1020 2526
1346 4992
2247 3051
3853 2373
3302 3924
2119 3688
4812 1824
3961 841
3621 2871
2573 4039
4165 3254
1838 2091
1934 3604
1292 1202
173 583
1419 1079
1578 1545
4248 3866
3908 1018
2894 2149
364 1857
4332 2746
2915 3085
4296 2283
4419 4779
844 2080
1044 2783
1429 306
3665 1569
4861 1750
337 4063
3422 1186
3350 857
1580 1383
4862 4465
2364 3087
3626 4786
712 4672
2805 749
4554 3857
4119 2704
749 3542
2555 3697
3517 442
4656 3446
2144 980
2716 1629
4854 1789
4406 2412
1556 1580
1247 421
546 2770
3509 2452
3807 1672
2267 1268
4064 1286
1199 654
4039 1153
2395 1458
1204 4645
976 4524
4302 2588
1158 92
1096 987
4827 1350
2562 4290
3890 3836
975 2490
280 430
2815 2128
4165 793
4262 3322
2566 1178
3093 1874
3409 4138
4597 472
2416 3965
2363 1683
155 1370
2705 3858
1443 1746
3123 906
4509 2428
3605 1040
2906 850
151 1952
382 4169
1908 47
321 2838
2076 2009
3452 3894
1817 2241
4085 3572
4081 4053
1902 4310
4762 4667
234 4197
3986 1434
2434 781
4026 1500
207 776
4155 4309
3145 232
1795 2113
3405 2085
3329 2630
2468 2683
582 142
775 358
609 1582
3240 1613
2150 1482
4708 4503
3346 4112
217 3507
1110 355
212 1015
3021 2030
791 3903
2294 1443
3169 4075
3426 3930
1562 1834
4120 4098
2966 3202
4360 3912
378 3894
753 1811
2795 1213
4009 3547
44 2863
2474 3482
653 1194
4180 1601
603 950
268 3703
1143 2108
4561 4717
3047 2290
2252 1269
3443 2173
1411 4589
100 500
1531 1459
2596 2030
2794 415
3457 2432
2262 4368
2371 61
1630 1127
3870 2348
2563 1049
2791 390
140 898
4701 1202
4101 3619
1529 4558
138 3680
4118 4992
2289 53
4544 3496
4019 4739
3425 1219
2386 4200
4004 431
2160 1872
3795 2544
1345 1384
3462 1602
2993 4042
2952 4374
1478 3253
3908 1702
3859 221
4964 928
4164 2272
2530 2846
16 1661
2298 204
4121 2457
2612 230
2684 2896
957 2867
2175 978
694 1131
3882 2161
477 3313
1349 4809
2013 1742
1173 3463
1291 304
1906 869
13 3072
4664 2065
1664 2008
2356 3227
4515 3939
2577 4798
2201 1111
249 3049
1053 2360
3536 4753
4970 2934
3295 2535
3365 3898
2503 2130
4020 1278
4380 991
2459 4249
4823 4652
4713 1404
2008 1290
2371 4516
1992 350
3440 2919
1816 1574
3208 1530
4167 4711
767 3069
2895 1417
1330 1231
1511 2010
4319 3376
2859 3952
737 1082
1354 2091
4761 422
2311 2256
703 1744
580 3607
4361 2014
161 2948
3429 1468
2386 4821
4007 1509
4193 1211
4825 2982
1593 3209
52 3304
4687 1230
4569 778
3139 761
1141 4607
3053 4490
2378 3026
1365 943
3378 4660
4272 3827
2995 2265
2447 156
2146 3787
261 2712
4052 313
479 199
4615 2916
826 4222
4065 854
1042 1804
4251 4867
2333 3201
742 4818
2797 4860
1924 1330
4725 3683
1430 3844
4213 4716
1669 2988
1324 2230
4398 459
4784 3593
382 2494
1598 568
2243 2473
2755 453
3612 1365
2560 87
1528 1251
1701 73
2998 4167
3024 486
747 3312
4447 664
2205 1661
2867 3910
320 971
2780 265
2199 3506
3641 1461
174 4317
4671 2295
3578 3853
2373 2534
962 3378
2205 347
1943 1972
3353 1575
2780 2293
3494 639
168 429
1912 183
145 3139
4390 594
1733 4841
4885 3959
2227 4886
2455 582
4693 2892
314 2503
4638 2009
263 2872
2836 4829
990 4921
3689 4003
3702 848
836 1773
3688 169
4443 1407
972 3183
4930 1865
4404 4316
3065 4180
1270 2345
503 3004
3686 4046
147 1362
57 3697
3504 4628
3894 3730
3066 3435
4603 1995
4903 155
3922 2880
2104 1636
2664 90
738 4276
4555 4356
437 3552
512 4287
1221 4197
4626 51
4499 4891
948 2551
673 2245
3143 1540
1357 2527
531 498
4236 1508
981 767
4667 418
4665 1954
1121 4345
3949 3711
211 4652
2627 1286
1508 752
4289 4826
1509 1006
3675 2721
1743 1050
3822 4501
3395 3000
1177 3598
3542 1515
894 427
3228 1423
628 4856
2061 3427
4855 1629
2337 997
3492 3129
617 3951
2074 486
4778 974
2678 1007
1161 2835
3330 2190
3887 227
2485 4240
4205 1514
2221 2151
2556 639
335 723
944 1037
529 1507
1471 3729
4381 4986
1902 3467
4729 1799
1771 3577
589 2761
1528 4143
4139 431
3282 1957
722 1848
1034 258
4428 4725
4874 319
3247 1465
4462 2896
1539 3981
401 1185
2948 1293
3648 2436
2741 1742
4082 162
3045 602
564 2891
2262 817
2568 3969
1524 4561
1840 1003
1005 79
4016 2503
2274 1945
3305 2876
4276 689
4525 1552
2958 183
2619 1976
455 1495
2163 1945
633 3775
3976 741
436 3360
1763 4840
2772 3760
4144 4873
1875 2579
1046 2657
1322 2866
2085 3935
252 1106
3208 4641
4166 307
4225 3503
648 678
2831 1045
3365 3476
4672 2913
4094 2549
3245 3760
191 1195
3009 4469
392 2216
2798 4123
414 1460
2615 1202
3117 169
4215 2951
3400 654
3112 2819
523 2412
4196 4421
3796 1734
4992 826
3 407
4504 1687
2180 907
4528 758
3555 2973
1563 299
2282 1235
907 4715
1200 3908
221 4645
1793 1735
3097 251
2620 2969
2307 2593
2929 4167
381 369
442 24
255 3267
1883 4669
1552 278
4534 2255
3511 3153
3091 4518
354 819
1203 4648
2200 1387
3553 4364
1287 620
2618 277
3239 4410
3229 1723
1414 16
4189 2810
3811 4438
3862 4762
3519 2975
1056 3290
4670 845
155 2722
573 4282
4882 2143
3832 1624
4943 78
706 3888
630 1138
4439 4105
3197 682
3446 4353
4053 2850
4336 2545
635 1518
824 2618
1466 842
4464 929
3942 3338
4039 224
1405 3622
1816 4359
2241 4775
2368 1988
4918 1183
3372 3100
3483 3725
740 4116
1811 1328
4083 2271
3980 2615
3294 4878
2990 1742
2463 3839
4314 3767
4694 3744
3487 4111
551 699
325 3256
1362 386
1701 4903
961 1789
3657 2353
637 1065
142 2482
1883 39
2065 3182
2026 2518
2119 4124
1673 2856
412 1291
537 3645
1107 1822
2398 4654
1125 1193
914 2326
1640 4430
239 3391
106 2603
4586 4945
2715 3861
414 1350
713 3143
19 808
1485 1666
275 2178
4165 4201
929 4603
934 3788
987 1926
807 3006
264 1684
1394 4030
1503 3610
38 1277
3174 3702
2543 2723
366 4260
3502 4133
1144 2971
3024 4301
4055 4234
1751 3405
3056 3686
543 1903
1269 3481
357 1294
901 4168
4905 4911
2085 2872
749 2637
1030 4964
1890 1964
1951 2143
2090 4279
441 4508
2811 4062
1155 4286
1822 2012
496 2784
1202 3506
1654 4035
2023 2062
1074 1107
1 2369
370 4751
3113 4774
1536 3785
512 4504
2918 4114
55 744
1183 2963
3243 4036
137 303
865 3101
2981 3114
2410 2833
1477 3062
1679 4233
722 1937
66 2122
461 1212
754 4617
1157 2344
2797 4846
2884 3959
1616 1708
1229 4535
62 2856
2779 4805
1706 2685
922 4776
1670 4341
712 4401
533 550
2673 4717
587 1767
2419 4964
2415 4056
32 452
277 3834
1678 3949
1676 3322
1479 3869
636 4448
1786 4362
605 4211
1149 2202
1332 2762
3321 4767
813 1228
1638 3825
1055 3329
3803 4521
2890 4645
1835 3349
2556 4678
1177 1295
235 2329
2421 3206
3528 4633
3868 4056
696 1022
1072 2732
603 4468
566 1494
201 3197
597 2323
2910 4410
994 3754
1906 2071
1138 3136
192 908
654 3015
603 2884
1571 4181
3099 4411
332 1541
564 1730
2861 4350
313 2835
2111 2833
1328 2441
622 3992
752 4799
766 1236
2024 4298
2795 3027
1692 4849
565 4588
2736 4295
1328 4302
1815 4063
1417 2357
448 3666
2183 3997
3685 4764
1124 1509
2467 2789
2218 3123
119 1845
1944 4838
422 1978
312 4391
1677 2897
54 3944
2197 3139
1590 4990
3292 3662
3629 3765
1467 4047
1111 3264
768 1884
733 1904
1260 4045
564 3353
1035 4989
86 4914
1267 3190
162 4197
724 2667
1355 2822
2208 3716
2067 4904
2053 4193
18 3454
2787 4535
1130 2457
1270 3487
1130 2697
2207 4754
1157 2276
1398 3558
1447 2334
797 4438
1218 4252
552 1034
3452 4877
704 3386
2396 3132
711 3967
7 210
1219 2135
3304 4268
558 4970
2134 2385
2186 4424
245 4755
1702 1939
113 3821
85 3347
896 3473
944 4940
1579 1791
1210 1593
46 3055
602 1586
2240 3223
1330 3779
2306 3260
2045 3860
3615 4984
2728 4639
1890 2051
2165 3945
1416 4532
901 4249
1751 2080
407 2252
1176 2091
1998 4243
1421 2002
2263 4636
3522 3766
1929 2237
459 2200
2329 3704
85 2688
3377 4082
3526 3656
1705 4869
1613 1715
1498 4798
2887 4990
3621 4699
792 4153
1238 2250
1779 3033
1296 4310
2171 4389
1055 4008
1776 3217
1581 3644
2472 3498
238 4970
1602 3288
3005 3358
2148 2177
4262 4398
542 1310
3859 4680
2059 4731
2579 4544
1538 3849
1329 4685
3619 3701
1194 1662
4293 4501
2294 3423
3410 4963
44 3586
1863 3467
658 4869
1560 2951
473 2642
1030 4670
1804 3477
484 1356
825 2094
2265 2993
903 4785
731 4207
2558 4314
1351 2218
1617 3094
680 1720
3165 3384
86 1708
2353 2840
2256 2513
3589 4992
657 2583
72 3727
1834 4106
2295 3424
99 1945
1588 2544
4155 4480
1607 4739
436 477
2502 3703
641 1431
1284 3479
980 4238
765 1401
581 833
1690 4720
833 4532
1130 1517
3845 4692
2478 4930
3083 4149
1451 3601
4053 4785
207 4104
2494 3308
1228 3552
890 4981
3495 3901
782 2020
3016 4224
164 1968
466 4667
312 4661
372 1116
3430 4509
905 4719
2034 4379
3354 3701
2221 2518
2273 4571
1736 2011
748 3822
1646 3732
2007 2360
459 1606
1097 3674
1527 3862
2567 4613
200 4171
951 3096
769 3690
3633 4759
634 845
1 2862
2794 2995
383 3264
307 2390
1881 3546
2481 4323
3048 4491
425 2937
2676 3785
1151 2251
4593 4994
3105 4654
504 4437
1094 2379
1476 2521
819 4306
4643 4739
560 736
1393 2657
1600 3646
1631 1841
1410 3216
3036 4245
1713 2230
2504 4307
362 3668
1672 2509
2097 2928
3362 4272
150 1401
3421 4401
3065 4879
11 1809
627 643
307 2044
928 1000
700 2419
4096 4513
2652 4691
901 1362
168 641
1375 3547
200 2232
2121 2157
2082 2816
1002 1822
519 3008
687 2088
2716 3958
111 883
1987 2144
2410 3668
1699 4956
2802 3873
3560 4592
527 1514
3946 3954
1701 4662
2257 4802
2581 2731
24 4874
3401 3951
246 3274
2627 2681
1843 3505
1140 4754
476 866
3929 3995
1964 2353
879 4184
1098 4193
1312 1742
205 316
375 4635
2281 4747
3506 3547
3729 4055
2552 4238
2390 2483
1261 2770
4455 4457
1118 1323
3022 3343
979 3997
1498 3371
1410 3465
233 4042
1299 1421
658 4406
187 3440
1959 2319
641 1426
1584 3664
1262 1739
370 1713
3668 4392
3354 3695
2415 2780
1304 1395
2876 4295
1908 4660
1537 4715
490 2411
881 2267
3332 4418
4208 4495
231 2869
272 2117
1812 2466
993 4924
2665 4920
1723 1970
4274 4343
1267 2986
1007 4527
840 2795
754 2257
701 3643
3557 4134
942 2393
2711 4507
321 1966
2526 4024
4184 4530
1904 3541
2250 3176
1497 2219
3807 3957
2473 3447
3158 3754
2494 3942
907 4057
3241 4036
3008 4791
2819 4106
1209 1598
4046 4489
1853 4595
1909 2617
294 1694
796 3251
2713 4902
873 3575
4555 4806
1991 4328
82 624
891 1785
352 2277
40 4981
3886 4680
2569 3421
4381 4650
3326 4883
1252 3366
1430 1868
666 3530
1285 1434
79 2674
2434 3427
977 3603
507 2977
1612 1643
2244 2384
523 3841
2687 2858
3261 4859
1116 1205
4457 4897
36 2913
1483 2617
2885 3279
29 3299
1862 2713
2181 2332
2694 4858
3314 3614
2355 3551
37 2964
1589 3419
948 2039
1684 3628
1313 3482
1701 4279
3441 4282
348 4273
1661 3535
3918 4879
693 2629
663 2535
4511 4896
1345 2310
463 3809
245 2043
3498 3736
946 2000
2161 2702
2214 4205
1122 2654
116 4255
4325 4365
2078 4782
362 2496
660 4845
4728 4818
1067 4027
66 809
372 410
312 3397
1679 3931
1253 2092
135 950
747 926
1006 1832
2942 3868
390 3448
759 1135
3307 4691
516 827
1234 2606
1036 1059
3411 3954
3325 4905
2095 4914
1470 3650
2658 4882
1723 2396
59 4513
2665 3065
687 2774
4475 4795
1478 3675
1292 3044
1014 1575
1435 4941
2283 4670
2405 4748
335 3255
2605 3553
2507 3281
277 3295
2831 3439
3726 4341
2322 4516
17 1473
1449 4865
1567 4261
2525 3064
2880 4421
2517 3671
2773 4996
1305 2966
1099 2336
848 2555
1917 3142
990 3038
1491 2425
446 3063
1501 3444
206 4872
1077 3256
2833 3870
227 2318
3314 4857
1117 4896
3018 4955
3019 4236
2136 2994
858 3562
617 1522
1311 4790
1316 2504
1839 4117
448 1379
878 2295
295 2881
142 2113
541 2479
1303 1742
4192 4764
1119 4682
2366 4450
242 307
905 4005
1111 3318
75 3554
943 2334
553 4837
1301 4949
985 4491
312 2691
91 659
1506 3719
214 2718
557 899
1402 4219
295 4714
526 4851
2143 3733
324 3213
4056 4897
1621 3280
4365 4953
80 2112
385 4696
1859 2151
572 810
645 1868
966 3368
1371 4440
2018 4491
1543 2495
913 2198
987 1215
882 1840
2078 3191
1114 4111
706 1388
1204 2201
154 1842
1595 4166
1368 3884
605 2852
2258 3807
1668 3865
321 4201
1694 4224
82 4369
64 1129
101 1248
1900 3323
616 696
916 4035
3861 4249
2586 3363
833 3077
1656 4366
1141 2757
3991 4704
2084 3318
273 345
2116 2315
3070 4308
1056 2288
2867 4266
1083 2330
1623 2163
3195 3662
347 1438
1261 4984
2453 3746
968 2819
3278 4765
552 4234
817 4837
3308 3984
3316 4398
2359 4532
1000 4374
744 2052
233 2491
3392 4536
27 2887
2823 4665
2322 2987
2279 4557
3906 4766
325 2520
621 2824
397 1602
1906 3312
1102 3284
307 3649
329 4352
1811 4095
372 1473
2999 4963
1563 4974
808 3029
1594 1976
134 2091
981 4789
16 3705
290 4252
2178 3200
1010 1894
1816 2153
2399 4182
1833 4988
1296 1622
1336 4316
410 888
2440 3656
1889 4012
213 2981
3703 4349
1835 4461
1919 3802
915 4068
531 4105
3174 4607
809 1626
2191 4233
1624 4712
448 4568
1098 3051
2798 3294
4450 4828
2876 3504
3746 3791
1001 1607
168 1112
3673 3707
3403 3909
218 263
549 1167
2480 4066
1055 1405
751 1508
64 4352
4094 4250
254 3213
477 2933
3143 4362
1723 3777
1160 2710
604 1833
1154 2814
1162 4707
2083 4280
1089 3793
816 2953
2033 2968
1707 1752
1038 2380
4455 4577
141 1048
317 3416
123 2545
11 533
2277 2515
678 1040
1276 1811
4602 4644
138 4397
4277 4832
932 1292
2239 4402
2352 4995
248 551
824 4099
249 4696
2529 3701
1891 2215
921 2606
1668 1995
1136 4163
570 4024
1496 4773
2833 4508
1542 3232
2632 3547
2009 4142
2648 3974
94 326
37 1235
2774 3807
1439 4906
748 1699
786 2905
1561 4226
2971 3509
2716 4431
1241 3093
1984 4577
1604 4430
596 3572
3875 4543
653 1437
457 3173
986 1358
1434 2287
65 3126
289 4210
183 986
1405 2700
4524 4894
990 2688
409 459
310 929
2650 4277
433 3684
1193 3357
196 3149
821 3316
748 4116
383 3066
3316 3678
347 4268
2445 4042
3372 4491
1493 3543
1229 4525
3774 4873
1730 3436
414 900
2688 2812
1904 4732
1187 2866
337 1585
332 1013
1655 2438
1718 4853
1157 3678
588 1878
2467 3571
3313 3854
1982 4718
855 4054
1743 4952
426 2211
2267 3290
1684 4260
79 2362
1045 3481
2549 4165
59 2701
3378 3454
418 3319
457 1270
3394 4758
1408 1802
455 555
453 906
2303 3283
59 2994
3272 3570
29 3511
3288 4993
482 2353
2253 4309
1981 3849
1132 3553
486 4922
1655 2573
1603 4943
1160 2092
2178 2921
1755 4610
1093 1390
1650 1838
2382 4559
1298 3168
869 3989
1195 3165
1498 3452
1096 1151
1266 3529
2039 3734
367 4226
2544 4146
4608 4614
695 2545
2185 4307
285 1585
247 327
499 2575
320 1606
168 1570
3322 4593
392 2037
2355 2368
3624 3847
88 4442
347 4688
5 2687
670 3544
1533 3097
1063 4471
521 2412
279 3153
1451 3372
4300 4882
331 3193
2435 3625
2235 2944
1923 2091
267 4357
107 4758
216 4138
551 4222
4878 4958
789 4898
89 4705
3945 4307
897 1533
175 1958
67 4579
2206 4034
408 3903
422 4766
3630 4184
3050 4936
287 406
1719 4777
804 3051
1470 3127
1065 4198
32 715
3394 4910
1151 3340
409 4849
890 1854
288 582
423 593
1466 4177
272 4044
1805 4438
774 4676
1541 2588
2247 3231
1457 4661
1209 4280
399 3493
3161 4065
3456 4404
937 1352
128 3183
34 3447
222 574
788 1599
655 3192
324 1272
3812 3968
3444 3632
495 3424
16 577
2074 4649
1552 4437
3574 4171
699 1292
1986 4475
178 3244
2380 2620
2566 3877
2270 2636
4253 4666
1063 4837
2037 2804
1419 3231
1078 4665
758 3937
545 3172
854 4246
1259 4505
147 1867
2644 3440
3079 4479
1524 2592
1191 4944
3060 3252
2800 2861
462 2881
1936 4342
1486 2834
2885 3553
219 2093
1905 3220
2538 3743
1543 4955
757 3794
3440 4023
413 4654
3502 3874
2671 4657
3528 4255
2280 2514
1820 4304
3299 4961
531 739
1172 4924
2313 4057
1561 4420
595 3111
1988 3129
542 4156
1463 2712
2186 4904
3420 4752
1552 4140
208 3524
312 886
2489 3095
1226 3892
1216 4115
1042 4728
1753 1862
736 2359
870 4742
1217 3127
1932 3709
106 2029
2413 4033
1443 2964
1094 3965
2535 2868
1994 3293
381 2806
686 727
1439 2748
1631 2993
147 4941
404 3599
116 2855
2514 3826
777 1271
4265 4849
284 3121
186 1614
1219 3128
1278 3927
206 2910
392 2775
2720 3341
1061 4060
3198 3203
1226 3667
208 2810
2423 4071
887 2398
44 4693
4009 4619
328 1353
89 449
3344 3899
2847 3656
2963 4714
1356 3822
228 4350
1670 3787
328 1988
1265 3048
1209 4865
421 2186
2733 4362
1880 1880
352 963
1347 4089
1258 2775
4754 4982
873 2879
646 1967
909 2695
238 4322
605 2377
1703 4126
2000 4483
375 988
13 1016
1184 4491
610 1127
650 2850
1090 4527
578 902
3063 3357
153 886
3161 3758
774 1161
127 326
12 1248
3926 4089
337 4087
1891 3066
2289 4248
280 4765
2526 2876
848 4379
1223 3485
1273 2913
4320 4659
1166 2223
439 1557
897 3370
1413 4481
523 3165
685 4292
3153 4459
226 1850
85 1965
4100 4615
3474 3532
1991 3854
3079 4872
3401 4366
1332 3989
1536 2100
909 4607
591 4731
11 2042
1684 3542
619 1864
334 1634
67 3804
3478 4960
459 4158
1442 3363
1388 1710
1352 4018
1502 1712
783 4257
2222 2620
1871 4546
520 2893
2133 4146
2733 3135
3798 4870
2134 2348
921 1177
2596 3357
3185 4243
1506 3228
2176 4915
670 3307
1932 3893
1060 1104
3331 3997
1009 4785
298 1450
1352 2330
3219 3874
3354 4001
1883 3968
1101 2686
229 4497
1397 3929
2889 4331
2480 4683
499 2930
2584 4249
1887 4258
1496 4211
375 1109
1163 3509
49 4822
1603 2027
467 3716
776 2487
1813 2450
2609 4118
3064 4847
3437 3904
1396 4554
1114 2927
903 4246
554 3836
2040 4729
704 2601
2303 2657
3822 3928
766 796
562 4695
3195 4737
819 2078
1520 2115
1821 1871
2496 3386
2612 2998
1494 4425
4618 4749
689 937
4406 4489
370 4802
713 1153
3295 4048
2594 4043
1412 3102
1633 3111
129 3403
407 631
2883 3042
1353 1864
1656 1859
532 2481
1348 3915
3837 4943
604 3929
2160 4395
999 2776
230 3730
285 970
3214 3834
1773 3350
1032 4879
1558 2721
910 4011
957 1904
1510 3074
3974 4356
2745 4832
239 955
4833 4950
854 1090
2506 4216
1421 4928
1271 3145
2988 4668
3781 4770
3692 3703
1246 4485
389 3310
1042 2032
2898 3328
539 3360
2270 3925
1339 4548
1874 3259
1256 3882
3213 4882
526 3472
337 2315
41 195
3866 4840
1046 4244
944 1821
1866 2951
906 1261
1185 2174
351 2196
4055 4802
547 4579
3856 3951
694 1300
204 2383
2603 4029
416 3998
1992 2204
3059 3790
1572 2945
4141 4821
3131 4146
747 1119
677 4271
453 3898
1512 4834
2507 3583
940 4586
1149 2494
1316 4798
238 4172
27 1890
2554 4468
2019 3156
982 1748
903 3148
612 842
1974 2659
612 3206
2301 3440
3488 3841
1000 3446
1862 4547
484 741
45 4401
637 3351
1271 2791
987 2003
716 3569
1948 2996
174 4667
4224 4664
295 2676
869 3643
1232 4981
3871 4339
482 742
3557 4858
3242 4780
457 3223
1121 3931
2739 4067
4390 4900
461 1734
1635 3724
1374 2723
423 3381
425 4537
3196 4598
2154 3299
746 4373
3712 4938
3580 4599
348 1211
2881 3585
1348 2273
1344 4400
2146 3106
4268 4973
1827 4427
3081 4722
18 4207
435 4107
387 1775
834 3538
350 782
1526 3000
1534 2799
1307 3963
1355 3361
1783 2595
3370 4842
670 1470
943 1660
999 3064
1654 2390
2431 2888
2740 4556
3523 4400
404 2880
1535 3656
3366 3650
1438 2431
1660 3969
1276 3111
2379 2812
605 1487
1602 4113
4477 4548
4479 4904
2530 3920
34 3093
2284 3096
1345 4838
2617 4104
4706 4922
2353 3465
1618 4878
1804 3336
3734 3829
558 3481
861 4637
3217 4600
719 3763
3787 3857
615 3449
2479 4541
1027 4448
425 4674
508 628
2000 2668
1721 3550
1052 4834
1031 4551
1602 4691
1691 3996
696 2884
1516 3358
2068 3905
2360 4617
540 2676
2414 4703
861 2655
1794 3737
1698 2501
1366 3621
2220 4084
483 1555
3810 4222
89 4216
1415 4823
2157 3531
1293 2792
937 2428
310 1663
1562 4620
159 4847
792 2626
2634 2747
3103 4850
192 876
2113 2461
447 4212
4043 4296
1040 1478
915 2911
775 3073
119 366
2254 3638
1102 1424
1686 4662
3387 4925
206 3276
717 1309
439 3356
1879 2755
4754 4890
361 3341
32 1927
2517 2996
2489 4763
2826 4462
1509 1980
3395 3725
1009 1157
1638 3451
2623 4294
3708 4808
1897 3598
2113 4939
720 3555
2157 4008
2122 2996
848 4716
486 4955
664 2434
3742 4017
3279 4902
1287 4609
1477 3075
552 2790
1408 4309
3501 4507
588 4900
2259 4771
2486 2829
1574 3660
807 2125
402 3187
495 3415
2587 3249
2047 3072
2185 2812
1246 4199
1040 3793
3668 4224
1474 2877
41 2923
4278 4372
3043 3471
3276 4351
3549 4702
501 3905
496 4638
1237 2105
1657 4604
589 2471
1289 1601
727 4053
249 693
1076 3353
3272 4231
2803 3496
421 2272
189 2034
2478 3893
384 2240
1235 2382
333 4099
1761 2217
1836 3432
663 2316
3097 3770
3856 4626
1881 4909
18 1190
3589 4393
1608 1939
3477 4502
1334 3958
586 842
1576 1942
1502 3457
609 4853
267 1932
4888 4989
1238 1908
980 4778
1101 1599
462 3558
3995 4533
721 2844
1895 3423
1086 3954
2187 4434
2090 3839
2133 3643
945 2848
939 1718
3217 4475
758 1439
2226 2658
888 3360
672 3019
1292 1472
2341 3543
631 4976
3903 3979
223 3888
3721 4531
1307 4368
870 1170
2605 3542
4465 4674
11 4698
1755 2101
376 2131
3339 3941
2496 3486
721 1173
1994 4532
2490 3537
1920 3364
426 2155
2240 2927
1905 3000
1158 4786
800 2954
410 2059
2026 4723
2678 3148
1462 3361
2711 4367
25 1991
648 1994
474 4576
374 639
2677 4734
1960 3797
1511 3409
610 4220
4771 4946
893 4800
280 2654
2400 2839
3363 4269
490 2866
1444 1744
2869 4810
2444 2859
2335 3221
361 1407
1157 2365
1085 3061
10 3850
2280 3528
1127 4191
3531 3928
2430 3977
714 2174
1419 3888
309 4522
2218 3899
1252 2626
2492 3930
2877 3676
398 1207
2431 4300
370 1868
3015 4241
4115 4473
83 3253
815 2989
183 4828
27 2827
1903 2843
846 4859
814 2327
4138 4660
1377 2595
943 3687
2146 3849
2971 3825
2413 2994
249 449
2356 4831
2437 3901
451 3077
1702 2896
4435 4987
1963 3855
151 282
2309 3360
379 2525
463 1096
2710 3246
962 3201
3004 4823
448 3041
193 1750
888 1197
1154 4342
1715 3788
1557 3927
1488 3257
2177 2190
318 1995
3053 3772
17 917
254 3815
643 3096
2152 4836
784 3385
867 3687
1899 2047
734 861
2602 2796
1928 4652
3733 4034
1621 1900
2758 4243
1292 3721
1612 3256
2539 4573
831 3085
1556 2820
1060 4616
2716 4240
3706 3739
4 875
3729 4582
396 1409
167 1288
1890 2377
1994 2098
3390 4126
3877 4193
1945 3107
1263 1458
445 766
1056 4803
360 4970
1424 3697
4090 4560
2922 3457
4396 4925
1585 1818
2831 4421
1127 1670
1091 4785
2100 4311
1322 3014
296 4824
3181 3797
1825 3758
1235 1468
1021 2742
2917 3787
1367 3381
259 2082
389 1675
314 2314
465 1335
721 1596
1322 1677
37 3391
786 2784
2309 4190
1943 2297
3240 3921
2682 4066
2127 4972
1074 3028
2166 4970
792 2498
201 2580
3682 4008
2596 4236
1930 3103
174 1257
356 3182
2870 3011
215 1995
1212 3162
1239 1398
3485 4030
492 1646
3013 3755
1091 1946
3136 4657
938 2973
65 295
973 4016
2699 3035
972 2075
434 607
1336 2173
3610 4745
3 3408
825 3635
2428 2946
2296 3611
2794 4643
1794 4717
381 2934
2380 4041
2390 4076
580 4336
1745 2870
1240 4953
894 3413
3397 4409
3134 3244
1261 1444
330 2010
259 4518
2169 4558
422 4741
1244 4844
2367 2740
3558 4653
2471 4223
1249 4258
1315 1750
4305 4475
3587 3619
2394 3336
298 1574
336 3745
1424 1971
2289 4627
109 786
3207 3265
1389 3921
2469 4169
3765 4843
3656 4809
1435 1649
1011 2768
3480 4587
3726 3862
1552 4571
296 3778
3765 3832
901 2420
3483 4905
157 474
3055 4227
4415 4843
3514 3902
600 3818
724 1946
952 2721
1854 2931
1089 3963
1360 2454
2673 4007
564 4589
780 3304
1297 2323
932 3116
2318 3741
3169 3673
1879 2730
610 3338
951 2030
764 2071
2098 4844
235 2554
3074 3504
1300 3061
2745 3955
1477 1853
916 4403
1345 1433
739 2107
2542 2981
3449 4157
818 2524
2202 2426
1545 4326
3177 4086
3929 4602
612 2320
62 4535
1486 4354
2013 2544
1489 3693
308 2527
3168 4149
1560 4785
1819 4198
1305 4652
119 2096
2011 2937
1804 3084
331 3071
3586 4652
540 821
1686 3468
4488 4686
1295 2771
840 4458
3497 3626
607 1123
2056 4304
3458 3768
955 3507
799 1739
129 4310
834 1148
3250 3463
2781 3652
2989 3670
3555 3714
982 4825
2792 3689
1457 3163
1793 2610
3609 3884
1351 2312
2341 3896
4187 4310
3793 4203
1640 3254
582 4662
1968 4689
2824 3898
248 2427
79 4174
135 2791
1002 4762
1285 2005
1014 3549
960 4798
108 3311
349 3612
1127 2857
1412 2228
2112 4388
2695 4568
1994 3616
2201 2912
833 1680
27 1659
302 2506
4656 4737
149 2793
3242 3372
1147 3197
1979 4196
1190 3047
2775 3941
412 4421
166 1161
3904 4354
838 4781
1172 2803
3610 3617
542 2712
3357 3475
1388 1908
998 1834
3302 3993
1929 4496
631 2276
539 3743
2160 4217
420 4761
1351 1548
2160 4165
3646 4317
2388 4116
1168 3307
1789 2792
1620 4440
1302 4740
790 1014
3043 3756
3103 4413
2562 3774
1827 1962
1038 2089
976 3671
100 3645
1294 3437
828 2653
1152 3452
1775 2432
193 2463
1870 2069
873 1218
1949 3238
1532 3875
398 669
233 4681
608 978
442 2605
1230 1634
31 1855
2323 4951
883 2648
1076 2605
1619 1724
1179 3264
559 1516
266 2635
3219 4407
30 1284
290 1690
2618 4209
348 1174
529 1684
1216 2263
148 2283
3573 4345
1052 2960
1625 2590
734 739
4000 4482
774 4309
880 4047
544 4570
1590 2838
574 4104
1591 2181
3152 5000
1035 3155
1205 4895
3407 4721
2137 4329
1250 3574
237 4588
2573 3644
3501 3984
1000 1724
1402 4893
1491 4747
2410 4382
3417 3681
1839 3972
2401 3312
1827 4092
1765 1866
1449 4140
2203 3737
1755 4416
1565 1575
4266 4958
365 4689
1274 1685
2578 4079
365 4190
3523 4229
1138 4786
906 2324
992 2388
1986 3327
4159 4912
1209 4578
2037 3378
542 2068
1747 4521
1943 2039
214 4401
1335 4077
3073 4495
4305 4415
1702 4546
2532 4754
1097 4131
939 2961
1361 3176
3905 4869
1067 1488
257 874
892 3334
2906 3527
253 1255
1604 3642
257 3328
1853 2666
1237 4773
646 2940
44 1613
1865 4516
222 4673
870 2057
2008 2725
1845 3837
368 4249
998 4360
3436 4282
2199 4787
2920 4758
93 1853
1799 4281
1792 1874
3075 3302
849 3809
123 3398
3250 3958
8 4013
3139 4295
1011 3551
853 2619
794 1101
924 4353
292 2456
2586 2634
1162 3596
1993 3389
1320 2781
625 3716
2738 4377
3740 4767
7 2478
2617 2778
2059 4366
2220 2266
3245 3447
822 1786
3259 4781
1880 3516
418 1152
1067 1520
3705 4905
2722 3807
442 2670
3125 3332
3893 4378
35 4886
1405 2585
3736 3965
4075 4154
2989 4584
1032 2587
577 2469
2609 4679
116 2885
1130 1751
1021 3479
66 925
1798 4579
2109 3894
1459 2178
946 1873
120 2091
2202 2358
1912 2751
600 3623
236 4856
1428 3950
1935 2430
577 2116
2144 4818
331 2833
2640 3922
197 951
2397 4821
2330 3043
484 3118
4447 4466
2119 4541
3528 3839
3177 3253
3183 4644
1093 4801
1411 2944
1086 2051
1444 4743
4647 4720
219 3009
133 4099
3333 3991
545 3317
2343 4591
2655 3621
1665 3718
2652 4975
1539 1736
1183 2701
2903 3238
871 3748
2172 4138
1860 2946
2576 3140
22 3228
336 2550
2487 2694
980 4755
148 1876
1413 4749
3213 3238
293 3270
910 3445
1289 3159
4317 4623
3883 4718
2503 3375
598 3540
5 2406
319 920
804 3095
3811 4277
181 4497
3846 3893
1967 3329
1797 2601
710 2483
1624 1849
1738 2954
1520 4371
1249 4180
3640 3945
1215 2058
1134 1960
362 2781
2464 4135
4490 4956
2515 3476
1441 3934
1488 4927
1788 4498
197 2720
1596 2041
1513 4794
658 3637
2084 4565
743 2644
1271 3244
4335 4923
562 729
256 1040
828 1922
2221 2668
44 274
3619 4066
2617 4456
1212 4794
1760 2102
3637 4029
856 4280
3624 3829
1778 2034
4613 4962
1125 2751
1720 4956
1210 2990
687 2708
1623 4915
2987 4133
3781 4254
684 3960
3308 3916
1447 2528
4245 4426
55 4021
1166 1958
3367 4401
1066 3038
551 772
3604 4245
1860 3169
2189 3426
2907 3518
3537 4390
1105 4449
198 3481
3014 3804
3598 4497
456 3931
1158 1816
326 4419
135 1933
1405 3102
1811 4414
475 2941
2156 4164
3635 3682
561 1759
2049 4868
2656 3914
4097 4484
89 2592
1035 4589
440 4406
2332 4747
782 4675
412 2719
967 1989
1637 2502
3136 4390
3172 4003
4012 4941
282 2619
56 3469
1122 3737
4227 4365
1994 2967
2271 2558
887 4446
3601 4205
459 4311
2762 4809
752 2705
212 3510
4156 4918
1840 4184
888 1284
4294 4634
1994 2130
1702 4731
3352 4146
1345 4659
3227 4681
2540 3346
1597 2137
934 1321
2841 4811
848 3249
1942 3256
2443 3303
191 4628
3 1187
1098 3659
3778 4299
2419 4428
610 3847
1018 1951
878 1174
401 804
1317 2455
720 956
808 843
1066 2850
2068 3102
2039 4898
3293 3479
161 1591
795 4740
3400 4551
537 3016
1593 1964
2983 4789
658 1661
2935 3796
1064 1324
1416 3276
1487 2994
1144 2842
1109 3818
3036 3380
3068 4531
970 1955
3771 5000
330 2239
463 4640
412 1430
1270 4881
232 3618
2961 3707
1874 2676
302 4851
1395 2252
267 2644
2315 2900
3734 3821
1028 1940
850 4555
1516 2733
944 2901
761 2889
3491 4969
420 4088
1660 3195
1982 4203
501 3222
1675 4774
3208 4806
3874 4412
1877 4396
2400 2489
706 3321
4134 4740
1373 3052
2150 3393
1399 1721
2072 3224
3676 4362
369 3703
1929 2110
259 3358
1795 3232
2442 3226
3171 4963
992 1967
2544 4551
218 4339
1112 4088
4107 4832
20 3665
967 4010
3490 4705
2389 3670
595 1069
785 2584
2448 3240
254 2553
771 2496
93 327
26 3783
652 2241
1207 3724
4054 4323
1005 4629
2814 3823
826 3236
484 3059
917 2860
2150 2635
2811 2985
1957 2735
3626 4780
1413 3726
888 3440
494 2771
1446 4879
879 1244
812 1365
1900 4569
2047 4930
869 3617
193 4580
4221 4620
831 2119
1904 2637
4286 4411
4107 4256
54 3395
3087 4186
226 4071
2477 4400
1917 4363
3861 3983
478 3516
1082 2251
731 1150
1645 3285
43 4499
2402 4396
2635 4709
503 1113
96 2926
2721 2871
1475 3953
2891 3446
2014 4999
3666 4369
3894 4457
167 4937
1831 4643
1923 3784
3367 3537
651 1578
610 3790
1134 2890
1415 2429
2524 3965
3855 4723
924 4655
2282 3870
2121 4231
1266 4508
1673 4885
1669 4931
1390 1686
276 419
3666 4428
1080 4842
353 3672
3497 3587
877 1040
2666 3406
204 720
1115 4625
1857 4966
558 4932
2538 4794
525 963
2933 4206
3371 3628
354 2747
625 4974
613 4072
280 1187
2785 4045
1748 2444
2776 4856
1968 2579
58 2301
101 2833
751 3047
1630 3104
2887 3045
1339 4566
3556 3635
881 1215
2169 4723
2216 3094
2530 3361
1881 2800
2754 4042
1834 2668
2854 3313
2646 3052
1515 3151
599 4720
3685 4604
196 1325
1543 3691
3237 4202
971 1456
2577 4988
2190 2207
130 3078
2041 3535
1157 2233
35 2860
553 683
4343 4727
1261 4320
2152 3084
1288 3881
2309 3462
4270 4844
1257 4801
1404 2830
1172 4688
654 4700
3014 4705
2887 3933
152 3033
570 3137
981 1742
993 3390
2083 4384
3400 4441
41 1609
160 1372
3286 3958
3378 4732
319 2340
629 3286
1242 4416
3664 4690
129 4419
3238 4186
1785 4997
196 2360
3741 3931
74 4270
814 3458
588 4424
4032 4218
9 2158
400 4144
1763 2461
2435 2466
2471 3258
1113 4464
2077 2488
3963 4086
787 1443
986 1651
2919 4496
210 820
1218 4866
2100 3708
1556 4709
76 2278
1749 2299
3413 3677
2477 2912
1233 4095
216 4795
621 4687
2990 3203
3593 4067
3351 3909
334 4147
2183 3103
1456 3331
1404 4101
1206 3369
3310 3792
478 668
3583 3838
4642 4746
908 1361
1927 4916
1504 3378
2574 3736
3154 4485
1346 3146
3957 4301
2045 2235
163 3350
78 4380
658 664
1375 3954
3125 3145
418 4210
280 1279
3241 4255
1563 2828
1367 2573
1488 3789
1162 1941
1883 2299
1176 3206
1009 3902
1734 3603
2211 3858
3473 4764
4110 4285
454 2389
3857 4196
3445 3568
144 3521
336 3160
362 999
2235 2694
2736 4464
2654 3595
735 4285
2311 2659
226 708
65 4245
2636 4777
2202 3477
266 1724
695 1095
472 3110
1183 2806
844 3216
598 1406
581 2286
5 943
1490 2525
3006 3062
2562 4232
2310 3132
319 1996
481 4877
1535 2689
3790 4347
575 1522
2706 4300
2769 4561
1166 1482
171 327
1933 3600
2792 4494
1150 4687
375 3899
2097 3321
4773 4868
1441 3049
3165 4640
71 4216
4557 4609
3506 3862
1100 1423
1087 3408
979 1759
613 922
1728 1819
625 2543
1610 2027
1493 2132
1948 2419
459 3465
294 3501
609 1324
444 1581
383 3351
3149 4592
1044 4987
2392 3499
1178 1966
2920 3871
2424 3564
2349 2547
4090 4357
3763 4697
3238 4630
1627 2072
1143 1877
2697 4187
1849 2410
2075 3982
3513 4363
1646 2051
969 3533
1243 2592
3219 3304
809 3487
2367 3013
1599 4854
2946 3555
1331 2690
338 1010
1199 4499
3540 4031
66 2788
358 4840
63 1222
1753 3749
5 996
428 1641
1531 1940
877 4470
2307 4018
640 1380
1364 4556
1 4204
259 327
1818 4666
1482 3762
4914 4916
2591 3277
2947 4708
1761 2419
1909 2413
2275 2809
1915 4051
3417 4581
2156 2361
3771 4767
316 519
1043 2933
1930 3923
4 2108
861 3656
1435 4928
2925 4882
3883 4070
3935 4376
1647 2533
1914 3180
12 4523
2945 4175
427 4444
1854 3450
1967 2497
2831 4534
1902 3499
2469 3302
569 3616
2115 2433
1300 1334
1888 3537
1139 4735
72 2554
1378 3349
3122 4858
3033 4666
1885 3173
4660 4694
376 3251
250 2571
2834 3918
2426 3404
79 3508
1864 4736
3235 3497
300 1807
51 3925
1980 2118
2177 3403
3347 4363
2401 3917
3638 3940
2718 3491
609 4394
1458 1871
1390 2503
3030 4833
154 3961
1362 4209
3561 4000
2696 4772
696 4504
1409 3227
2644 4327
2659 4160
2653 3909
1309 3546
3698 4680
549 4780
1439 4046
976 1980
1950 4682
1675 1785
2360 4648
835 4667
2088 4437
159 2301
533 3751
2028 4293
1317 2096
2035 4862
305 3984
793 1299
3703 4026
46 4418
355 4740
1245 4477
1320 2744
548 1232
281 2271
4602 4837
73 4438
1310 3765
1161 2553
58 4680
558 2971
1106 3040
1044 2071
94 2407
1283 2080
1234 1509
292 3813
1120 3012
3548 4885
2391 2443
2283 4237
223 2761
585 803
513 2291
766 2120
2785 2935
2843 4481
1319 2490
231 1131
1189 2011
396 2431
610 4109
394 2810
1219 2374
341 4526
1696 3700
2045 4624
2108 2289
2551 3422
2015 2776
118 3518
635 4913
3707 3768
2842 4876
275 4566
47 3732
993 3730
550 2435
1447 4296
772 1798
1269 4260
2505 4609
1049 2257
834 4939
742 2038
1278 2900
2897 3493
1055 1485
2080 2230
278 4835
2724 4941
738 4262
1160 4478
823 4783
605 2475
1388 1662
2529 3991
395 3264
1613 2589
1592 2554
460 1319
874 2690
2234 3559
3295 3733
1929 4148
3141 3378
2626 4163
1885 2409
74 4666
2552 3448
1495 2723
3191 4729
2377 3599
3843 4970
424 1521
1052 4748
944 3547
3808 4473
1197 2156
2676 2982
3359 3806
1025 4995
987 1271
3963 4305
1822 2094
3529 4837
189 430
1610 1908
83 4759
2814 3573
1237 1517
3165 4190
98 1760
2677 3817
2589 3959
496 4206
1752 3087
1186 4877
596 2269
3965 4428
422 3087
1931 2585
1142 3531
942 1452
25 4730
14 302
1032 4791
718 2254
1746 4375
3656 4026
2174 4463
2013 3365
1118 2608
3167 3540
2049 2231
41 3564
1764 4286
909 4852
3122 3306
1415 1589
3043 4094
711 4845
1592 4867
764 3282
2808 4692
74 2914
2078 2312
1553 2153
2772 3746
1883 3175
4161 4187
316 4736
2196 3165
317 4512
1173 1357
1857 2198
1002 3631
379 558
1503 2203
740 1877
31 1782
1683 4591
844 3643
573 1328
2919 3320
1003 2920
1365 4288
2162 3416
3005 3319
1635 3283
600 3909
3711 4539
1301 2456
3037 3131
755 4558
893 2362
2842 3685
702 2888
1429 4416
3849 3984
910 1477
3435 3628
1955 2132
3332 3880
846 1428
360 4488
131 1988
2823 3084
3064 3183
2021 2451
223 3018
1628 4045
1678 1718
231 1735
514 1876
352 3148
3836 4391
3833 4317
503 4780
810 1510
967 2678
3307 3516
1822 3438
2227 3123
2715 2981
1227 2697
2851 4512
2346 4634
1111 3809
1197 1948
2405 4570
1556 1774
3157 4966
3 1120
618 1000
2932 4767
2158 3534
2516 3524
263 652
2324 2902
1077 1181
1090 1616
2263 2672
2730 4889
1272 4424
1101 3762
2172 4759
345 4781
941 2077
784 3809
4421 4837
2179 4337
3111 3640
5 2271
3071 3293
1360 2043
187 1986
1700 4281
2801 3972
1199 4298
957 4957
1126 4963
179 4638
20 1528
595 3649
488 4347
1181 3853
1778 3884
1102 1433
2156 3008
3669 3796
576 1116
3256 4208
517 544
1381 4957
1682 4304
3779 3901
1625 4793
678 4857
762 4098
947 1766
2408 3758
4377 4868
287 3980
1461 3370
600 4023
4687 4847
535 1217
2424 2438
2757 3448
2146 3595
3123 4215
3347 3891
214 385
1085 3170
197 3377
1927 4525
1573 3395
180 663
1132 4242
1186 3740
769 2357
339 1331
523 2029
1337 3416
10 116
3154 4229
365 2879
1460 2583
945 2481
1372 4796
1919 4577
537 4631
520 4128
2546 4819
927 4659
356 1770
1741 2967
740 4953
783 1465
1512 4069
1627 2798
934 3484
1632 3570
2543 3677
2345 4401
3684 3808
1453 2713
2417 4125
1064 3053
963 4232
4259 4580
777 784
231 4800
1302 4170
1763 2124
725 2768
1318 2115
500 1885
501 2644
1667 3953
713 3128
1742 4474
1224 3980
1644 3153
974 3776
174 2160
2121 4465
1817 2110
726 3327
3635 4309
1768 3269
2056 2222
3992 4122
2543 3111
415 1036
2425 2718
9 324
1858 4900
360 2060
1979 4661
4388 4767
73 799
1749 3823
1734 4111
802 4073
108 285
1351 4476
715 4589
137 1484
3585 3875
3070 3688
687 2814
2164 4227
1478 3379
1066 3689
1263 2694
2370 3209
2837 4130
2979 3455
688 1598
178 4857
852 4620
2773 4454
608 4126
3172 3974
729 4950
191 2571
863 3509
1354 3525
3244 3756
623 1986
989 2057
919 1843
981 1686
2118 4231
1533 3134
830 4179
18 4743
140 4062
893 4124
1664 4614
1014 3753
3235 4767
453 4808
3490 4561
2588 4265
1794 2279
3649 3874
418 668
3679 4169
288 945
16 1361
909 1445
2974 4908
835 2760
893 4278
72 3391
3564 4756
1007 1158
1537 3172
1033 2255
2196 3375
1612 3432
652 1284
2426 3422
441 3210
541 4418
93 4643
554 1359
4037 4927
13 3420
3485 3638
1173 3259
2945 4604
3108 4936
2041 4086
978 3969
533 1098
2567 4680
692 889
1255 1882
154 1736
3535 4127
1628 3117
1341 2745
540 1598
971 4080
1447 3444
47 3525
2717 4466
1913 4445
655 3468
1613 2376
3277 4435
2238 2292
394 4604
2483 3618
752 3157
555 952
2064 2181
2134 3649
393 3730
1422 4053
434 2459
40 1972
1481 4204
393 1756
832 4914
2110 4642
830 1646
1290 1352
685 3184
2917 4186
1994 4505
1279 4710
4639 4882
758 1673
203 2372
2976 4992
2113 2133
650 2623
90 4899
3007 4565
481 2230
2358 4216
1935 4858
1092 1105
205 834
355 2013
41 4367
1012 1019
1368 4688
3823 4927
35 1131
1318 2877
1401 4685
797 2105
3571 3593
2320 4580
2122 3956
3528 3557
524 4158
1376 3290
2969 3258
438 1100
1912 4408
2827 3070
718 2970
1831 2936
730 4210
294 2733
507 3509
1743 4256
2238 4593
2079 4279
995 4186
1326 4481
2716 4623
1979 3494
1038 4240
431 1484
1260 4268
1382 3393
1455 4053
3704 3851
1079 4600
2577 3047
3100 3642
166 1252
331 1781
1093 4388
1834 2698
2121 4028
1379 2264
1800 4730
450 1754
813 3631
3484 4036
481 3755
323 4389
142 1345
127 3656
1000 3677
3459 4113
2365 2802
1421 1554
3904 4630
974 977
2765 4509
1324 1560
1096 3681
12 4295
3405 4599
1994 2597
3469 3990
435 3525
2132 4500
3244 4258
2189 3986
1927 3683
2348 3232
2838 4231
1352 3671
1915 4763
3425 3962
3942 4702
1576 3455
3383 3877
1793 3996
1213 4073
1805 2102
1193 3749
1807 3709
2212 3634
976 1054
3195 3972
140 1376
1754 4049
2288 4012
3743 4000
712 2020
918 3173
1517 4015
870 2789
36 2221
568 4905
99 692
1518 2280
1337 4747
260 4513
3144 3582
3718 4724
1212 1711
1422 3984
4599 4889
931 4898
150 1923
1643 3716
1545 3349
1003 4490
66 946
2185 3944
973 2276
960 4817
1587 4677
684 2289
2058 2428
3641 4007
2462 3358
2675 3497
2945 4109
1375 4248
2162 2474
156 3832
2418 3204
1647 4479
4271 4627
4494 4826
502 4660
1157 1837
480 1290
756 3469
251 2449
751 1937
766 1105
1321 2619
2032 4828
1232 2295
566 3852
2099 4966
1406 4723
3528 4543
1817 3010
291 3742
99 2846
334 3465
3093 4697
2554 4178
1188 1375
972 4414
4018 4961
4918 4997
334 2007
1047 4393
189 1605
1415 2836
2072 2132
2684 4343
4133 4444
864 2496
113 393
1496 2741
1654 3467
495 776
890 4159
3139 4491
1621 2839
2716 4493
745 4539
4456 4785
1382 3879
489 1187
686 2334
1519 4523
1885 4279
3734 4525
3524 4096
1382 4140
265 1685
1904 4479
926 3306
1363 2693
2236 3891
2115 4766
302 3072
2652 3055
512 2016
3137 4130
1587 2676
3715 4224
469 2672
3541 4403
2279 4257
1598 2397
2351 3755
1716 3792
405 1589
2297 4650
1814 3077
604 1497
876 3884
48 1824
1218 3053
3429 3605
3126 3648
979 3901
2302 2750
1230 4318
1782 4225
1276 3383
626 4154
1327 2078
2892 4067
1787 2059
4869 4994
2404 4772
1324 3471
2254 2962
1279 2653
1589 2925
129 1645
1017 3379
198 3758
2096 3344
2236 4339
2837 4702
647 4496
1244 1385
906 1973
3136 4038
1962 4761
688 2248
440 2989
1319 2252
4179 4994
19 4478
1426 2057
58 3503
2135 4099
2878 4818
991 4616
4632 4951
378 2059
1033 3536
318 3558
1254 4569
2054 3117
1685 1781
2655 4273
567 626
3036 3640
2371 4557
505 4239
2574 2982
2650 3206
1770 2640
169 3715
4095 4972
2540 3227
3343 3587
506 1278
1867 3967
2203 3341
4788 4964
4374 4478
474 1040
3766 3772
2155 2526
2804 4565
1467 2174
3940 4101
2211 2488
1184 4013
3970 4139
2186 4793
4350 4820
98 2590
4224 4701
497 2242
3682 3863
1135 4321
1779 2843
2127 4093
3118 4061
1178 1820
400 1130
813 3424
1343 3979
3786 4471
1543 4584
1457 4650
3354 3419
270 1666
2216 4901
22 1155
1176 4022
2828 3186
3023 4548
1938 3411
3604 4041
3931 4973
1177 2697
1899 4790
964 3448
672 980
1578 4007
2190 3329
315 4973
1677 3551
2751 3521
1280 1882
3125 3176
1797 4751
2994 4968
770 2764
834 3636
1258 2852
3626 4531
652 4357
1603 4265
2123 2337
3173 3360
967 3471
603 3957
1538 3138
1579 3084
1881 2856
1745 1966
2221 2478
1344 3476
1215 1797
2859 3180
812 2543
102 973
456 2252
1454 3955
955 1603
319 2835
3637 3835
2679 4759
626 4270
1900 3372
1803 4544
3209 4217
106 4846
655 2583
226 4256
516 2085
1742 4743
569 3248
4696 4748
59 3115
1675 3222
1073 1432
2770 4028
1663 3333
1903 3721
2325 3853
2141 3838
1528 3649
855 965
66 2263
3386 3825
1079 2166
3407 3604
3055 4320
1804 4375
1772 2968
3448 4321
1360 4474
1285 2511
522 2530
2377 3542
1673 3562
662 4499
163 1991
2822 4008
709 3999
2995 3841
1372 4516
962 2423
1506 1948
2463 2649
96 3250
93 2999
3872 4757
3423 4188
1686 3767
46 168
278 2294
4249 4649
1995 2964
547 3207
1928 4706
1156 2300
2066 4107
3022 3610
889 4727
2938 4899
1110 3089
181 1064
2237 2253
1414 2899
2603 4521
113 4864
2949 4318
3058 3692
1547 4182
1779 2445
2494 3497
478 896
2401 2781
1130 4878
948 2802
1402 1729
2052 2209
1053 4962
346 4162
4474 4491
1161 3135
1784 4192
2641 4047
1629 2435
1587 3492
1347 2618
3696 3859
4291 4751
1440 2006
2827 3202
2806 3483
1325 1735
964 1457
526 3745
966 2863
269 1607
565 997
205 506
460 1162
809 917
3342 4935
4414 4699
3549 4850
3119 4834
800 4000
2033 4740
1921 2648
464 486
3585 3739
753 1124
1368 2316
2428 2463
1848 1939
2958 4755
188 1758
1084 4257
453 3303
606 1692
1347 2747
728 4589
1324 3500
2387 4030
1606 3898
3106 3145
3472 4913
1116 3814
17 2443
1574 3245
1830 4671
2954 3781
2868 3617
2386 3708
442 1168
141 1846
2834 3123
88 1292
1966 2163
3394 4344
556 3736
2625 4464
2740 4002
4468 4832
877 1641
3762 4476
3061 3686
2525 2766
76 4994
1800 4344
1116 3688
1969 2054
4024 4245
201 4241
396 2640
540 641
197 2945
4056 4647
2621 4618
1211 4118
1093 1985
1197 3645
2869 2954
1591 3893
3804 4223
3520 4665
259 3957
844 3741
222 552
1839 2469
186 208
4220 4523
194 1961
2572 4997
3169 3300
302 4522
1457 2669
1534 2288
33 641
2477 2542
3582 4576
1619 4476
1592 4116
323 1387
2762 4470
2107 3302
1451 1766
886 2759
1642 2794
3888 4421
299 3717
828 1784
1472 3066
1054 1645
1125 2604
1812 2024
113 3313
2165 2356
2556 3379
862 2577
746 4117
1061 1240
2726 3879
218 4187
2602 3808
2986 4910
3465 4704
389 4669
1615 2324
851 4877
433 893
2869 4487
1867 3181
3285 3359
467 1215
704 4420
932 1681
1048 4486
4146 4691
1749 1842
493 1923
1201 1841
3098 3112
3255 4349
487 511
4236 4854
1847 2550
268 3482
3944 4446
54 4353
4786 4818
451 765
577 4409
1141 4298
341 747
380 475
320 1059
2034 2497
2626 4853
1000 3428
932 2991
181 4781
1501 2909
1863 3353
1200 2254
301 2455
244 1118
2370 4506
2544 3520
1207 1849
971 4107
1342 3135
105 1100
2949 3213
1136 2911
2605 3029
403 851
1132 3241
3804 4315
1365 2527
1457 4027
3200 3846
2635 3708
683 3032
3172 3701
2075 2724
2768 2802
2144 4693
1685 4287
3015 3357
85 1017
403 2529
1960 3317
538 1522
1145 1847
736 3502
1415 3419
459 4361
418 826
1020 3395
729 2261
50 2202
3501 4543
400 1171
1377 2888
1521 3287
707 4730
1326 1381
3508 4853
332 611
1071 2446
562 957
446 2265
3996 4195
3650 4316
1240 1243
1811 2196
1134 2106
2610 4902
1447 2936
2170 2479
2150 3599
1666 4476
2040 3640
331 1092
1341 4615
2509 4365
1213 3490
2205 2639
2244 3262
1847 4858
688 1192
2260 3950
208 565
1528 4852
1480 2525
2048 4489
231 586
1151 4580
3930 4337
2779 4386
2479 2625
1459 3211
65 2052
1251 3334
130 1813
4234 4324
2659 4656
4281 4992
1910 4618
1797 1982
2185 3430
547 1542
1297 3913
2245 3245
96 916
1776 2612
249 3915
461 4266
843 3835
3737 4015
1767 2187
4326 4528
600 1672
962 4362
387 3773
1136 1493
91 4321
6 1099
3005 4240
4266 4659
2626 3232
913 2667
136 3678
2394 4950
1574 4736
446 1903
200 1453
2627 2843
4592 4648
1173 1982
64 1610
1003 1632
3370 4085
3224 3870
1935 4108
54 963
453 1818
914 2440
1784 3924
2519 4349
2163 4155
1470 3911
2930 4056
26 2295
973 2849
208 2736
1629 3710
3966 4404
926 4629
1566 4167
1463 3543
1556 2642
4119 4159
2362 4209
2638 3426
1247 1881
224 403
905 4677
502 2448
4521 4956
1764 3065
1632 4068
4368 4461
1579 4664
488 832
505 3492
848 2768
3019 4934
4061 4482
516 2080
2344 3510
597 3887
1160 3331
2441 4592
1004 3949
2632 3651
69 359
1081 3813
2411 4965
294 2291
437 1303
2976 4838
2243 3160
1018 3596
369 566
2702 4056
478 500
1035 2934
399 4756
4313 4766
3715 4970
293 2890
2134 3416
1306 3741
1998 4525
3437 3814
2331 3419
2534 4281
1783 3478
2038 4087
2073 4299
4488 4828
819 4852
1933 3037
2851 4962
1845 3974
154 4485
1944 2956
871 1819
1666 2907
1909 2182
3549 4413
301 3674
322 3899
3393 3741
3546 4842
2665 2794
483 1814
183 3046
1310 2288
941 1617
2567 3580
3419 4563
1353 1553
1508 3867
1034 2241
1796 4590
937 3108
2602 3434
1029 4164
1409 4870
1044 3635
3222 3664
1396 4834
1297 2146
2113 3046
1545 3844
1673 2187
421 2936
1157 3978
929 3936
2974 4135
1954 4432
1980 4830
893 2968
3166 3324
2519 4650
2897 4496
1440 4592
1120 2587
1993 3241
62 1217
1016 3969
2532 3184
3131 3860
638 912
1015 3960
209 3124
2336 4534
1519 4513
1084 3088
806 4080
1479 2385
3040 4148
312 2550
1607 3476
1098 3228
856 4659
801 1691
1660 2500
401 2214
245 1510
4317 4697
300 2085
3019 3911
601 1194
2618 3208
4040 4960
3848 4261
1437 3669
13 629
2777 4643
1804 3638
4128 4678
1735 2001
1058 3143
44 4095
3001 4118
1476 1659
2211 3705
2620 3093
4 4559
3513 3540
2385 3064
730 3759
1980 3207
1816 2644
845 1215
2383 2755
555 2541
1132 3426
1347 4348
1913 3165
1700 3257
1259 1622
3033 4001
2883 2982
928 3553
932 1723
4055 4719
3518 4115
1230 1269
1478 3419
260 1522
2314 2734
654 3953
2125 3469
580 3647
447 4556
528 3296
342 2261
10 411
2902 4962
140 2694
604 4460
1663 1834
1002 3335
1946 4575
1746 4699
1174 1554
1277 3596
489 1088
1375 4114
987 1725
40 3815
3015 3750
1236 1888
1610 3399
673 699
962 1021
1064 1286
529 4702
3622 4044
2038 2368
2174 3173
2605 2875
425 2498
283 1902
1448 2961
2153 2170
1574 1910
2683 3052
851 2014
113 2960
1939 3446
3458 4554
872 2145
584 3903
1014 2771
3805 4237
928 2218
1562 2910
732 2336
3361 4715
837 2872
3961 4698
2767 4403
416 619
2431 3307
1887 2201
508 2249
552 1375
104 4389
2039 2571
335 3500
874 2541
2701 2873
745 3314
4849 4893
140 995
2313 4117
190 2192
3658 4156
1836 3231
3414 4082
1618 1943
2039 2780
1618 4920
3793 4436
571 4555
3189 3552
273 1840
4654 4869
3625 4404
3269 3704
3203 3896
1933 3072
1472 2914
2055 4068
372 1951
2750 2802
4012 4018
3804 4661
3024 4943
1220 4647
1325 1416
456 2819
583 1940
1676 4693
1975 2062
1337 3148
1646 3646
668 987
2868 4311
1122 1731
3063 3885
608 4477
2022 4775
2741 4138
1863 4542
499 3029
624 4452
379 4678
454 3021
4369 4891
1293 4532
2565 3651
619 3340
3660 4351
1153 2497
1487 2709
15 218
2658 3536
2011 2306
2376 2444
1737 2131
723 2397
879 1376
809 2480
2564 3973
875 3464
3431 4447
1604 2287
2332 3891
940 1250
678 1019
2377 2420
1147 4752
773 3993
1789 4514
1743 2180
133 1813
736 1272
2368 4522
630 3081
3933 4272
1198 2504
2136 2232
766 879
2408 4455
1817 1890
4123 4504
1826 2998
2181 2373
186 4865
1875 4714
4046 4716
461 4473
1347 3170
2163 4685
2849 4797
431 1362
1123 2177
482 1334
2166 3303
2113 3017
1544 2642
2372 4211
1047 1975
1020 1635
1895 4996
1067 3984
236 2969
3434 4721
96 1384
1596 2702
1265 4481
2584 3057
3210 3327
199 2625
771 963
1141 1659
3086 3834
2572 2938
3438 4526
130 2409
3659 4350
316 1872
969 1990
1304 1783
101 643
998 3466
2465 2927
2980 3396
311 2367
1167 4809
2520 3697
418 2433
3352 4048
453 1149
922 4776
272 343
1804 1875
537 3687
705 3676
109 650
4126 4990
558 3673
2360 2383
520 1489
33 4309
1598 4936
247 646
835 1520
3405 4994
208 3214
1674 4792
332 2498
737 2897
2595 2787
3392 4400
2091 4834
2605 3404
120 1752
2601 2718
672 4771
2443 4484
1680 4244
2714 3854
1690 2620
2564 3569
943 2879
620 1718
1141 2997
665 4930
627 727
4091 4741
286 2250
2846 3123
2917 4099
358 2218
958 1860
3779 3969
600 3181
242 903
1614 3798
390 4489
3387 4611
904 1299
2329 2619
83 317
622 4432
679 4924
2711 3954
1381 3235
140 4706
2504 3146
1834 3648
3306 4655
1367 4766
760 1544
1347 2708
3632 4432
173 1605
3825 4815
910 1179
607 923
3002 4502
374 4445
2384 3743
1320 4003
1924 2466
3219 4188
2256 3304
103 1338
473 4234
1054 1544
2125 3385
3752 4216
666 3996
201 2312
446 2015
1525 3078
2064 4614
87 3765
183 3223
823 3108
145 2437
2366 3627
55 452
934 4314
1038 3990
163 3133
264 3374
2477 3818
1111 4015
3678 4984
761 3197
4533 4834
1392 3339
3606 3848
901 1087
106 4352
1296 1563
1238 2495
565 757
2543 2737
1388 4483
2458 4805
1790 4822
2636 4912
594 2011
800 3844
2209 4155
507 948
868 4831
1043 4339
847 1106
1845 4607
1078 4334
1440 4654
2030 3780
3566 4602
2152 2288
882 974
482 4526
3757 4872
211 3576
4356 4502
466 3546
27 1423
2251 3014
396 1948
382 3057
255 3077
1369 1677
922 2783
1117 1524
1418 4697
1380 3617
717 1094
3035 4275
751 2085
887 3674
2871 3264
930 2705
1150 4414
609 3651
196 380
1682 4417
3534 3676
137 424
3679 3926
2412 3972
1612 2496
1758 1904
2509 3137
647 2928
2514 2693
2099 3499
1506 3177
2869 4557
2683 2929
2734 3763
318 2630
2163 2678
2292 4904
1285 2282
2186 4187
3242 4393
1626 2967
575 4859
724 1954
3166 3246
1683 4297
739 4743
2084 2525
2701 3345
1366 1517
985 2867
1232 1322
1566 2352
1511 2814
1080 4426
2188 4222
132 3304
3819 4636
1115 4653
290 4188
680 3950
1455 4230
4406 4850
1998 3098
2583 4308
307 587
1275 3119
1689 1709
1638 4371
274 2274
854 3847
3603 4707
2192 3901
3296 3963
587 2444
2432 4437
480 1232
2954 4329
234 3500
2805 4824
2975 4173
2466 4374
914 2122
628 1899
738 2826
536 4956
2649 4022
245 4941
1749 4586
3405 3418
1538 2101
1219 3813
538 4027
1274 2280
402 4145
447 3618
1542 3283
1232 2872
2987 3723
3368 3790
4005 4152
656 4278
42 3055
2404 2649
606 4844
143 1817
225 4143
821 2422
2207 3028
587 4925
1902 4513
2319 3592
4094 4624
248 4004
1420 2744
366 2698
401 2666
3700 3931
659 3417
154 1420
2487 4503
152 3001
742 4737
1962 2766
200 3648
3027 4033
1892 4929
498 3828
3239 4688
3983 4879
1004 2235
152 3067
1226 4682
968 1867
2301 3334
1860 4869
445 4986
211 238
3475 4946
1033 2120
1783 3209
186 4115
645 3624
894 1850
821 3888
2080 3057
710 1229
181 4044
4275 4553
4860 4955
2538 2836
1145 2059
602 734
2023 2409
1508 2401
371 2874
1439 4111
580 4370
1647 3979
1279 4561
758 2210
2596 4190
171 1756
378 3390
1685 3038
1398 1568
2428 4634
3833 4658
474 4893
1038 4701
453 2306
2163 4644
2441 3524
3170 3579
2384 2741
2659 4575
2184 2886
293 2344
2311 4638
1209 3588
3898 4195
2028 4687
2027 4761
621 4205
2768 4436
129 1585
84 2653
3645 4279
620 2780
3568 4700
1144 2200
537 618
344 1477
463 4625
2704 3393
2836 4660
3201 3258
2690 3705
3953 4249
1074 4476
1171 2111
480 4129
285 2658
2018 3327
1734 3509
726 3776
49 329
880 4962
706 969
2277 4873
1983 3118
3998 4355
1902 4461
708 3041
431 4632
3318 3816
3073 4367
969 3884
944 2173
1660 2488
2430 3131
651 3599
204 4727
2052 4175
390 3934
672 3599
1799 4976
3892 3911
143 798
2430 4828
1049 2282
1324 3450
401 1096
347 4994
2213 2710
1493 3914
1197 4739
2221 3128
1879 4714
1297 4459
740 2418
1869 3827
4550 4614
3784 4819
880 1920
2377 3120
1799 4239
4228 4562
639 3465
2244 4896
1603 1930
1392 4254
1595 3927
1006 3638
255 1201
3405 4367
1651 3980
1000 3151
140 1590
664 4886
1676 1824
1713 2280
2306 3686
925 4681
1073 2658
1816 3901
1766 4975
2644 2851
1065 2385
602 2856
2701 3971
4210 4525
2256 2312
2317 4951
3641 4389
3038 3145
253 2914
2178 3151
977 4598
247 426
3016 3847
4193 4659
2214 3054
533 4613
366 1959
3093 4875
2059 4951
3069 4927
2528 3465
1805 4608
4159 4475
2467 4853
65 4307
34 2200
1454 3501
669 871
448 2984
522 3627
2255 2825
2620 4968
4139 4306
264 2765
191 332
1679 1867
2305 3283
1579 3266
207 3006
316 4396
426 1899
1536 1876
1677 4432
156 905
2151 2163
2779 3743
1861 4359
892 4793
4807 4935
504 898
512 5000
325 3888
70 3322
1445 1819
364 2311
1246 1900
900 1895
1114 3334
2750 3872
1088 1430
692 2043
804 4379
2256 2518
2022 3736
2668 3042
4777 4791
1837 4914
1717 3456
1006 1676
2291 4727
2647 4522
1028 4739
1842 2024
336 2268
78 3985
1571 4284
3289 4763
2151 3194
1330 3747
3780 4875
219 713
2066 3656
990 2284
154 4171
431 3176
716 975
1076 3124
170 1783
335 1942
2260 4559
1158 1279
1680 4464
2207 4495
80 3483
399 2111
2888 3959
2334 2697
316 4402
230 1068
1451 4103
379 1379
1357 2810
1236 4132
71 4446
1731 2489
2999 3748
352 3548
299 4708
948 4731
808 1178
3839 4564
1228 2853
2138 3795
339 4528
1661 1689
718 3887
626 706
1613 3454
1970 4519
1109 3714
3202 4908
586 2452
1614 2252
1523 4647
1409 1713
1910 3362
238 839
3339 4029
51 4162
1212 2174
1393 3975
1786 4898
1821 3638
651 2264
3484 4394
4324 4333
581 1500
1953 4857
2754 3714
2032 3598
3890 3919
3819 4506
1243 2967
3242 3455
1265 3601
69 4347
1944 1993
1810 2878
1277 1447
440 4927
1186 4379
855 4609
154 2521
1135 3441
1938 3383
769 2336
2156 4296
1055 2446
2879 4567
31 2219
1919 4538
1113 4100
26 3223
3104 4467
2611 4962
3001 4890
313 3166
1732 4835
1316 2293
1289 3452
782 3182
4110 4840
2651 4122
1055 1743
1863 3131
278 3956
392 810
972 4803
3651 4822
1765 3216
1188 1672
808 2832
835 3320
2791 3375
335 1916
212 4092
531 1183
852 3178
1747 3900
1482 2741
2563 2907
2989 3890
3035 3379
578 609
199 212
153 3361
2665 3931
1590 2942
2499 4131
3298 4190
2482 4313
2002 4571
283 439
427 1996
2374 2997
1061 4177
1337 3989
1796 4667
3469 3902
845 2487
1220 4111
1143 4301
766 974
1044 2430
423 3434
2228 3999
1661 3077
3289 4638
279 4003
2965 4719
988 2875
159 448
975 3525
966 1515
929 2177
1106 2962
2755 3911
817 1303
1473 1880
2884 4347
4114 4758
287 3217
2780 4243
1546 3854
233 4488
1715 4829
17 1149
57 1033
1080 3168
2791 3164
3445 3907
581 1741
493 1784
4437 4755
2116 2779
2073 3124
1852 2534
3454 3811
2627 4481
880 2811
737 2174
93 2582
3269 4888
1491 2790
2507 2850
3788 4265
1463 2786
2105 2279
1351 1641
1368 2568
66 362
922 2326
1217 3674
1471 4028
519 2941
1339 2161
1598 2068
2331 3625
1084 3299
2365 2506
2692 3832
31 1578
1532 4812
207 1808
1264 4835
2086 4613
3803 3851
1586 3109
1953 3523
2210 4320
2515 2754
2083 3112
540 2619
711 2158
120 2481
2965 4396
2400 4769
339 3969
2359 4741
940 2056
3079 3756
1352 2326
805 2926
2479 2947
1250 2169
89 4544
1718 3344
1665 1750
935 3263
1921 2810
2717 2997
1461 1995
431 4775
3487 4592
2626 2672
72 2529
232 1818
415 4012
2028 3536
2138 3984
436 1168
1014 3897
867 2432
138 2869
838 4638
3156 4634
208 1355
2853 4688
705 3472
3183 4959
1253 3776
2906 3465
637 1496
2983 4157
