10
3 2 3709 6273
217 754 5764 
14 5 74450 80324
3311 3895 8277 12576 13927 31798 36982 60539 63471 67225 67500 71466 73342 76293 
5 1 31752 39391
5258 10069 21890 33551 34097 
8 8 33068 75749
326 12866 19130 28352 30062 41495 47464 75046 
6 2 93 2688
67 738 1777 2425 2546 2663 
6 4 5844 6797
699 915 1528 2742 3211 4651 
12 6 51460 90775
3682 4003 12010 16872 18579 29996 34832 45235 49588 52077 53673 83370 
14 6 62947 99975
15327 23938 32658 36740 37798 39731 40407 40436 55911 56397 60268 62235 71933 91153 
3 2 4960 94435
18188 44431 61077 
5 1 27718 48664
10574 17986 20585 35959 47272 
