1000
1 2 28134
2 3 15659
3 4 14128
3 5 259
1 6 13514
2 7 4006
3 8 14240
4 9 8718
7 10 9744
1 11 25628
1 12 12969
8 13 383
4 14 28723
5 15 31191
5 16 26351
7 17 26
16 18 3872
16 19 26935
14 20 21705
18 21 28154
6 22 2233
11 23 17456
22 24 25285
5 25 21259
7 26 31061
16 27 1736
23 28 21026
25 29 1934
4 30 28733
2 31 22426
10 32 852
27 33 7321
26 34 7217
33 35 6229
13 36 2691
28 37 5268
8 38 18401
31 39 17981
1 40 5132
31 41 27581
20 42 9844
27 43 10921
9 44 6398
22 45 28837
15 46 28677
5 47 23428
2 48 25503
38 49 27825
33 50 20001
35 51 3021
29 52 25573
18 53 7321
20 54 6218
26 55 11287
44 56 21501
27 57 30956
29 58 24695
31 59 23305
16 60 11463
3 61 20106
49 62 20370
45 63 9694
53 64 27224
13 65 10025
30 66 20984
41 67 6374
7 68 8311
39 69 465
24 70 5117
11 71 8196
4 72 24352
41 73 23392
23 74 20069
18 75 14126
50 76 26372
67 77 1798
70 78 25324
73 79 27376
44 80 11783
42 81 22218
69 82 18623
4 83 10474
65 84 13249
52 85 5124
1 86 18689
74 87 24653
11 88 9726
32 89 18400
39 90 2887
35 91 29281
31 92 21822
42 93 21473
92 94 29212
30 95 29442
70 96 31029
53 97 23132
76 98 18302
5 99 14623
30 100 17740
24 101 30457
17 102 14686
64 103 16186
72 104 19742
8 105 18230
63 106 9764
60 107 21482
49 108 14588
94 109 17123
32 110 14633
54 111 6748
76 112 19049
53 113 25767
68 114 22331
81 115 23246
12 116 12447
12 117 8825
4 118 23325
113 119 8978
87 120 11528
34 121 13864
16 122 8708
28 123 14097
68 124 1990
12 125 13780
36 126 26651
18 127 20806
85 128 21548
115 129 31858
31 130 29952
53 131 13118
123 132 1346
80 133 25164
84 134 6213
90 135 1567
130 136 21061
70 137 17791
79 138 30192
5 139 2846
17 140 27428
127 141 25211
12 142 8955
110 143 7175
23 144 32005
23 145 31879
113 146 4564
104 147 31673
115 148 1726
107 149 22074
56 150 20190
72 151 30375
26 152 32092
67 153 31234
24 154 3310
132 155 21336
137 156 16543
53 157 21153
32 158 464
23 159 4840
141 160 24444
72 161 5036
108 162 4800
68 163 389
107 164 11418
133 165 29195
74 166 20721
83 167 5875
3 168 8917
42 169 11387
154 170 17929
54 171 9993
122 172 6590
2 173 25614
31 174 4258
71 175 25137
68 176 18969
110 177 17578
70 178 20682
126 179 9707
79 180 8798
160 181 32134
26 182 25732
58 183 7499
121 184 27449
74 185 2480
51 186 29766
74 187 12663
178 188 15370
35 189 18570
129 190 20345
167 191 18986
126 192 16229
50 193 26184
187 194 6397
115 195 24115
19 196 18323
181 197 5236
85 198 17314
65 199 21494
51 200 13071
132 201 4715
47 202 24239
67 203 12778
69 204 8458
24 205 1501
18 206 12894
54 207 7962
86 208 30183
124 209 9040
125 210 11358
182 211 13221
82 212 12224
151 213 9885
92 214 7248
157 215 6462
118 216 2783
24 217 7026
15 218 16459
165 219 31660
36 220 30278
8 221 30158
139 222 8536
185 223 18763
134 224 22567
147 225 31368
47 226 16375
108 227 17289
118 228 8813
8 229 30665
197 230 4248
128 231 24425
134 232 14130
189 233 19853
97 234 18466
143 235 30212
166 236 7494
103 237 17959
115 238 30832
105 239 17667
170 240 1198
64 241 16058
156 242 31951
50 243 16166
181 244 6946
128 245 8128
121 246 13953
75 247 11456
223 248 12430
3 249 9606
129 250 6461
241 251 7225
131 252 11155
63 253 30894
243 254 1965
226 255 8843
146 256 19971
75 257 5804
237 258 32750
229 259 27589
213 260 18792
68 261 2633
42 262 6163
155 263 7051
114 264 9086
163 265 29732
113 266 19107
95 267 32148
154 268 27316
253 269 25388
35 270 4887
65 271 1579
170 272 15023
251 273 32039
224 274 23133
262 275 8878
198 276 4294
64 277 30510
102 278 13143
267 279 23058
155 280 28807
237 281 24110
196 282 26460
84 283 15709
188 284 22577
264 285 12136
278 286 21174
87 287 10282
202 288 1336
56 289 16626
60 290 4387
234 291 20777
67 292 2245
279 293 31285
99 294 31316
36 295 10908
55 296 11315
200 297 23661
39 298 28273
49 299 4828
180 300 9619
182 301 23340
201 302 29331
187 303 21714
133 304 7208
139 305 1239
18 306 7496
135 307 30846
67 308 31979
13 309 31527
160 310 21267
291 311 25459
215 312 7945
197 313 15273
210 314 21225
18 315 18776
272 316 14432
79 317 14398
93 318 4789
217 319 27753
250 320 8710
124 321 16284
193 322 27605
192 323 11764
271 324 27843
196 325 13771
308 326 6042
10 327 28381
173 328 17809
44 329 7337
121 330 31692
135 331 16411
195 332 10787
204 333 27751
273 334 18212
193 335 25400
159 336 27995
50 337 15370
245 338 24017
166 339 6868
12 340 3026
150 341 14827
193 342 5619
66 343 19235
131 344 20564
44 345 29751
84 346 17443
251 347 27243
9 348 18529
9 349 29039
319 350 6121
19 351 16775
208 352 2222
22 353 6377
216 354 18500
34 355 31846
271 356 16802
351 357 27469
155 358 4134
299 359 2701
310 360 9177
237 361 2841
209 362 31477
351 363 20369
363 364 5284
225 365 5406
60 366 267
323 367 9118
279 368 12935
271 369 18689
208 370 29750
183 371 9202
143 372 10682
196 373 442
50 374 15417
97 375 21346
211 376 22696
168 377 32280
6 378 25418
261 379 2773
341 380 17523
109 381 31036
183 382 29330
24 383 14788
94 384 23918
6 385 4889
228 386 7856
280 387 30400
135 388 5026
232 389 2298
31 390 17462
325 391 24556
9 392 15178
221 393 15868
286 394 13354
354 395 19326
91 396 16727
292 397 5008
99 398 20615
260 399 18498
179 400 12268
354 401 4603
33 402 30905
30 403 28184
280 404 739
397 405 24789
350 406 17956
218 407 32369
209 408 19526
43 409 3981
232 410 6302
166 411 21718
337 412 10455
99 413 11747
390 414 29425
292 415 10080
403 416 1160
268 417 13421
386 418 10074
83 419 5953
271 420 12036
80 421 15635
381 422 21516
406 423 4410
272 424 16420
395 425 2963
142 426 12205
185 427 32291
44 428 19579
97 429 26109
53 430 9688
94 431 17254
406 432 27083
156 433 15672
24 434 17306
410 435 4996
113 436 909
375 437 9595
432 438 29685
405 439 3727
216 440 32621
20 441 7893
220 442 3168
49 443 12974
79 444 12747
139 445 11686
166 446 10564
176 447 7324
57 448 8764
297 449 17188
418 450 23169
261 451 6185
328 452 8198
58 453 30167
370 454 8167
208 455 183
104 456 9896
135 457 2588
291 458 13758
31 459 29119
453 460 4688
413 461 19110
205 462 12606
209 463 18250
406 464 9315
156 465 12536
149 466 27927
327 467 28280
346 468 22520
301 469 24045
368 470 17899
387 471 1532
310 472 1629
348 473 25136
101 474 9935
225 475 20125
85 476 23441
306 477 22212
59 478 26061
410 479 27575
266 480 6856
156 481 17790
440 482 28773
30 483 29624
144 484 13035
38 485 24965
38 486 18439
185 487 20644
222 488 8981
130 489 4057
124 490 20123
400 491 28818
358 492 12054
31 493 16329
296 494 25338
453 495 17964
299 496 25588
386 497 4988
374 498 19826
394 499 6451
430 500 27749
320 501 22633
449 502 31813
231 503 9976
500 504 13654
353 505 20447
147 506 4139
58 507 4836
13 508 25192
99 509 18302
310 510 14540
48 511 9969
456 512 4718
37 513 443
96 514 24902
85 515 25647
366 516 29680
349 517 28256
381 518 11437
218 519 25408
153 520 10667
155 521 13065
377 522 17030
374 523 1244
394 524 32526
67 525 936
146 526 27467
102 527 29262
416 528 27838
62 529 19203
487 530 31978
454 531 28149
480 532 27923
53 533 9009
223 534 5958
391 535 29636
191 536 8345
349 537 7712
436 538 12468
105 539 10690
224 540 17040
182 541 24082
181 542 29311
121 543 8331
259 544 28013
293 545 32283
9 546 25957
343 547 25549
143 548 12119
498 549 19109
475 550 28184
499 551 23243
539 552 28330
514 553 18925
528 554 6590
294 555 30942
115 556 7799
489 557 5251
21 558 14961
214 559 15855
254 560 17154
385 561 32205
391 562 21439
268 563 1790
144 564 17986
393 565 3204
2 566 22315
447 567 11935
448 568 7269
7 569 17205
75 570 12459
116 571 32119
498 572 14410
460 573 14530
405 574 9000
376 575 27331
93 576 20485
250 577 223
200 578 29953
217 579 11474
518 580 29022
129 581 25750
466 582 27784
62 583 6534
419 584 26194
567 585 27331
196 586 7299
168 587 22231
28 588 27025
198 589 12440
164 590 172
522 591 23375
370 592 11006
554 593 4634
321 594 27186
265 595 16015
502 596 9267
275 597 8866
487 598 15414
312 599 22985
303 600 15610
56 601 30046
77 602 30798
351 603 14404
341 604 16341
371 605 13773
45 606 6918
231 607 22491
260 608 7798
262 609 4166
599 610 18522
133 611 14718
141 612 1607
66 613 27250
539 614 18493
72 615 16816
98 616 17636
50 617 27597
216 618 21269
395 619 26887
70 620 31900
20 621 22057
495 622 11837
347 623 15535
130 624 10485
505 625 11819
416 626 6273
140 627 12007
504 628 29477
596 629 13260
602 630 1702
149 631 14210
618 632 22168
214 633 10969
108 634 12256
3 635 17512
147 636 5489
305 637 29556
504 638 27225
45 639 31251
392 640 32001
169 641 29328
192 642 22448
573 643 17426
380 644 31314
329 645 19065
638 646 24952
516 647 13705
643 648 32415
572 649 25418
248 650 1461
509 651 14766
331 652 13273
1 653 17269
105 654 29539
447 655 5198
602 656 292
78 657 14399
620 658 30447
532 659 12870
29 660 24407
346 661 20033
352 662 14011
518 663 18955
360 664 32128
651 665 6632
511 666 16286
29 667 19491
420 668 13662
269 669 20469
437 670 24930
18 671 9129
619 672 20453
97 673 11774
259 674 23364
101 675 18125
495 676 6589
399 677 13035
27 678 22647
666 679 5969
140 680 18371
548 681 10106
643 682 15522
438 683 4877
549 684 11143
557 685 30396
651 686 16478
308 687 21612
362 688 14284
602 689 22166
455 690 23993
37 691 25325
204 692 21772
163 693 16449
121 694 3253
3 695 21411
384 696 1521
110 697 14538
263 698 20425
641 699 14773
20 700 23516
380 701 27026
282 702 4191
102 703 26335
596 704 15202
304 705 2255
39 706 19285
618 707 31727
209 708 28874
335 709 4617
662 710 3453
267 711 18760
120 712 5265
266 713 20126
464 714 16412
470 715 32611
362 716 16358
674 717 11839
293 718 17774
45 719 12105
115 720 4398
379 721 28528
219 722 25888
565 723 6939
307 724 129
122 725 6156
685 726 2261
551 727 22154
557 728 1067
256 729 15807
469 730 18594
585 731 14175
155 732 1324
216 733 7818
390 734 18322
22 735 5620
463 736 9145
21 737 2371
586 738 24611
439 739 23992
421 740 19384
461 741 5650
291 742 8391
722 743 28079
718 744 6472
159 745 12021
170 746 6244
39 747 18672
486 748 3383
682 749 26684
510 750 29396
194 751 5926
529 752 4489
99 753 10510
95 754 25957
229 755 29968
107 756 19960
320 757 9187
16 758 27482
319 759 5376
341 760 19567
239 761 7943
466 762 21096
640 763 12127
658 764 28045
223 765 3357
688 766 5946
439 767 17192
90 768 11560
400 769 30106
165 770 4590
252 771 9833
689 772 14024
398 773 11590
3 774 29334
427 775 26309
483 776 18984
114 777 24255
207 778 3512
423 779 31221
146 780 28600
656 781 25333
559 782 30927
764 783 15938
629 784 32030
594 785 27055
219 786 30407
764 787 19212
2 788 27056
479 789 29188
578 790 13444
527 791 4422
646 792 29435
453 793 4835
192 794 21852
523 795 19447
383 796 4416
756 797 5004
135 798 20376
653 799 16571
380 800 15345
193 801 21524
401 802 6391
766 803 20545
667 804 32312
312 805 1509
184 806 9003
128 807 22218
722 808 23409
635 809 13372
796 810 10330
647 811 23728
711 812 939
544 813 7338
523 814 18335
544 815 5853
313 816 22571
470 817 22419
792 818 29062
730 819 14159
617 820 16361
589 821 20657
254 822 9364
363 823 3483
574 824 19473
9 825 3986
409 826 31164
786 827 30567
800 828 11395
56 829 20502
563 830 235
630 831 8430
143 832 29779
329 833 27378
82 834 28029
27 835 5504
705 836 11850
749 837 3632
530 838 4805
719 839 8191
654 840 16739
370 841 17837
65 842 12426
435 843 31587
764 844 9551
679 845 21401
334 846 3972
246 847 21303
222 848 26354
49 849 22778
3 850 28131
425 851 5146
302 852 31972
397 853 20010
280 854 15304
508 855 3135
41 856 27632
636 857 19284
703 858 10186
333 859 23533
240 860 15256
242 861 8443
182 862 31603
70 863 13824
173 864 14991
711 865 16499
520 866 18368
579 867 28774
372 868 4925
529 869 29798
456 870 24997
77 871 25763
328 872 12351
663 873 26961
409 874 11910
472 875 8269
168 876 28901
460 877 1540
656 878 16575
66 879 26001
181 880 11698
162 881 5157
484 882 17437
282 883 31660
485 884 3295
80 885 14509
686 886 14946
607 887 20338
647 888 9945
76 889 15466
124 890 1989
429 891 25547
364 892 31422
437 893 9339
42 894 20336
775 895 4657
399 896 13028
859 897 6872
284 898 8193
412 899 6964
688 900 14674
670 901 9927
536 902 28681
361 903 1782
264 904 7236
547 905 13672
165 906 27280
803 907 21935
902 908 17067
807 909 29226
746 910 2959
143 911 41
154 912 28843
250 913 28499
436 914 3188
711 915 18501
743 916 7196
404 917 7804
188 918 8353
768 919 22901
612 920 4362
843 921 6418
700 922 494
839 923 14656
341 924 26165
204 925 14551
531 926 19746
11 927 1986
504 928 16786
646 929 95
450 930 11902
402 931 4136
759 932 27847
558 933 21396
180 934 24115
75 935 10552
681 936 14770
93 937 50
109 938 27879
708 939 26055
393 940 14051
516 941 5707
641 942 24628
437 943 5441
288 944 13342
535 945 4292
465 946 7976
227 947 5158
936 948 5851
647 949 19926
723 950 11974
639 951 27783
899 952 32453
473 953 22414
176 954 16003
763 955 18060
923 956 14910
956 957 31822
375 958 1226
821 959 10481
34 960 2777
70 961 14154
148 962 27513
841 963 2437
324 964 14814
56 965 26891
599 966 3170
228 967 11690
515 968 31946
93 969 24560
14 970 32203
913 971 23255
559 972 10701
616 973 12456
284 974 28398
364 975 22297
341 976 15434
91 977 24248
958 978 5242
61 979 14733
580 980 10586
896 981 21755
873 982 25871
715 983 2792
482 984 1097
244 985 11806
5 986 9670
85 987 13808
369 988 29464
443 989 19744
119 990 18087
529 991 18432
553 992 29433
125 993 17880
345 994 3889
750 995 392
672 996 27862
300 997 5486
694 998 6870
501 999 13962
474 1000 6603
